6167
1996
8070
7344
2998
3173
9957
6920
6736
5809
7866
2763
7208
814
5656
4657
7342
6412
1482
1691
8122
4157
8991
5910
5400
2091
3369
1009
939
4172
4085
4361
5657
6621
5772
7759
5092
1035
8715
4214
7483
7033
6789
3330
1352
160
9987
9211
4541
4313
4342
4525
1245
2653
2835
4750
2769
9503
2199
5809
9070
3903
7910
45
6967
2903
7500
4686
5109
1539
7649
4801
2301
356
9697
4
1547
742
820
3750
9124
5144
8209
9467
2558
944
2537
995
4091
5288
2320
3139
8203
6854
2090
163
2962
3114
7638
4590
3073
171
1891
1049
5368
515
46
2951
6240
3703
5463
685
5051
1829
464
3409
3674
2151
1769
5514
3093
1415
3146
7611
2165
7525
9899
4586
6774
9383
8830
6216
8110
7588
8271
6029
7629
434
658
9788
4519
5779
9339
6543
6258
4959
5180
1920
6501
9534
8670
595
6124
4325
9350
4974
9337
718
635
738
2196
457
7736
9843
2397
9109
8315
9318
9461
3536
1603
3460
1308
4947
8545
4523
5706
3613
8533
5836
7359
4430
1082
3014
3746
7001
4230
9735
87
9714
6751
1345
556
321
8319
5150
8623
1092
1449
1219
5662
1145
791
7124
7681
7175
614
1544
2254
6011
3367
7506
8975
6365
2709
5955
3125
4284
5989
5359
2958
4510
2580
2384
4033
327
9677
6768
4578
9818
8414
1357
1372
182
3985
7425
3118
3947
7311
4949
5046
6249
4034
147
4830
1085
125
6780
5900
8260
3405
7025
4648
1257
7074
68
5132
4940
2783
9953
8606
504
5686
5916
6037
8343
4423
8949
4543
7440
8619
4950
5383
2352
6537
5310
2470
1192
5957
6947
6910
8480
9356
6370
2138
3767
4893
7688
9598
4182
2664
6717
1526
1706
6647
7487
57
7725
9264
174
6933
1379
9577
2820
1805
9797
164
6077
3016
1842
1922
4396
7028
3203
4993
7795
3928
3582
5422
42
4544
3544
7312
1911
4277
5422
8951
5355
6310
1400
1163
3474
5209
1910
7329
4939
7160
7435
3950
385
1840
8747
3708
3253
3824
1542
8334
215
2960
4322
2014
4587
8780
965
7972
5013
7344
8121
8224
6128
6677
3082
6679
4946
5991
3488
5628
8796
8656
6277
9646
8519
8614
3256
6486
8993
6854
6146
8614
523
7196
6930
9394
403
6828
8859
4407
1792
1458
4125
3024
5522
2213
9428
6767
2471
2858
5815
9386
9493
5480
347
3233
1384
9690
9378
2077
8038
8112
3811
7648
3885
7684
7783
76
7754
8839
3616
3248
8780
9492
7736
550
72
85
7517
9089
6380
8678
5408
7364
1299
7184
1808
5895
4995
8849
211
285
7204
7468
4834
2375
6961
8640
7862
8051
860
8674
6977
2635
236
5766
1600
1267
5016
9777
1613
9186
8336
3279
373
6705
4811
1330
2509
4695
3074
8773
6768
4031
8239
9966
9371
46
6155
6674
4388
8072
7790
1830
2060
8393
3174
3924
2605
2340
4764
3082
5183
1704
6431
4689
6301
4720
3788
5470
2833
1568
3318
4025
8307
6525
7291
1485
2783
8435
4948
482
4159
1398
3842
7988
3517
8410
7923
946
1209
7486
7932
4207
8833
3517
4736
7111
6030
7368
1183
8543
1824
8751
4332
8827
4052
262
5989
4924
1208
5026
9094
14
5239
3527
7752
7835
2483
5076
109
481
8286
8103
1252
3618
4225
889
9844
9763
4921
6018
4581
9727
4100
155
9531
2655
8717
9071
860
9682
5902
6411
8702
1852
9216
7245
1379
4724
5729
1580
3654
2744
2786
9756
5691
8244
1183
3970
1138
1831
7672
4546
2862
5606
9963
900
8141
4250
2950
7082
7021
672
5451
194
9392
7916
318
8384
8587
672
3628
5257
3597
2427
7915
7641
1550
6714
8191
613
4664
2954
9840
7005
77
9782
6418
3986
7095
9420
2312
3617
23
7753
9130
7370
7128
7841
7582
5132
5989
919
7777
6881
9681
2938
2240
7944
495
895
9776
2564
5260
224
5385
7243
5057
1003
6028
8556
3933
4776
5582
4654
6233
9142
9237
5228
2780
1108
3067
9266
3939
5087
7291
8212
6966
5341
2308
1771
8754
6508
739
9767
7729
4945
5023
1125
3534
2939
9549
3523
3280
1338
8885
8677
6889
52
2386
1135
6035
6875
3738
6176
5357
88
7108
5987
4108
1916
443
5661
4601
868
7247
6092
9978
7110
1454
7472
1274
1435
3883
8622
5102
2673
4440
4004
3168
2677
5042
6566
3862
350
3941
7809
160
5166
4040
5641
4130
4522
7076
9110
7531
4166
2337
8474
8667
2990
9445
8271
721
8658
6159
3649
1441
3257
8830
3996
9480
2415
2666
647
1109
3780
4920
8211
9023
1938
7574
2841
4904
5795
0
2275
1170
4609
1656
2480
4352
5414
6530
8469
3180
6845
472
9016
7413
307
9403
3960
6934
6523
6137
1155
3956
6579
4033
4937
5704
5754
8657
3501
8067
6019
1540
334
7998
6944
8836
8982
8774
5242
3411
6909
6909
422
8848
9412
8072
7630
1754
906
4797
8561
3270
6378
1063
3336
2443
4816
2063
4252
6300
7261
957
4587
2228
4465
9491
8661
6144
6592
9707
8858
7756
4635
4807
8075
985
4097
4098
4869
5120
6671
7769
2522
4664
9000
1077
5118
5487
4338
8709
7443
9074
3630
6396
1696
2076
6272
316
593
5972
5091
7419
5091
6282
7278
675
2240
8859
4771
4860
2150
1457
499
6273
5974
2778
3025
6534
2080
3171
9091
3315
2
6546
5568
5442
8887
9336
824
755
2258
4502
28
4221
5372
2558
6561
401
5908
694
1071
1994
8635
1826
3300
303
3978
6746
1524
6470
5528
4365
9777
5955
8930
7868
6069
8118
3991
692
9951
9888
8257
5120
1735
3024
1079
5586
3896
7081
7297
8674
3972
819
2997
798
7519
3692
1043
9096
6217
1692
3024
2747
1993
3567
4376
8350
508
4902
182
7270
5454
8640
6560
3586
6872
7394
8769
6728
2706
9678
2240
6477
6741
6833
5830
5380
4896
2160
3643
4375
399
111
8194
2478
5986
8548
8821
7196
1999
9339
4550
6485
6395
8914
4789
9613
6661
7621
6135
84
9627
1530
2565
9626
1398
6860
6030
5863
3155
1367
5174
4381
1515
919
7814
9202
2160
2773
1216
1433
6253
4331
8235
336
2750
3770
7044
7750
138
5432
442
1843
5853
9480
3665
6783
6394
2705
1658
5966
6696
4308
2547
8163
2999
3112
7971
1711
9156
3188
5756
5819
6687
6168
179
4528
8758
6544
7356
3290
9855
8408
3809
422
2880
6795
5295
683
7905
2798
3822
3208
1172
1845
1894
3886
3284
3817
7957
5640
3823
423
1782
7644
9023
5864
5470
633
5494
6713
582
4254
9713
8187
1690
2277
4319
1645
2887
6642
2397
8393
2839
2251
5548
795
4151
4876
1250
3543
3647
5634
316
8556
2619
5702
424
8393
450
6175
6651
1502
6656
6368
4368
2524
797
877
5246
439
3125
1493
3687
2271
4479
1482
3774
4716
1511
8178
7612
4439
3129
47
9829
4081
8654
9032
9543
681
8266
5466
5519
2006
5686
2074
5789
2152
781
6965
6818
9889
9256
1254
3563
1213
5366
3861
3516
9749
3389
1766
9386
3355
469
1428
1784
1551
6090
3428
4314
5241
3924
8960
7486
2609
3341
6388
4822
2286
7580
8438
5341
5784
2382
5137
9101
5807
5970
4795
4122
4774
1863
7510
2015
6956
5834
5753
7925
2718
365
921
6420
3524
1501
8270
6658
5944
1400
8753
8901
88
1468
5269
1283
2163
8328
1566
881
3551
3360
7276
992
3238
9236
6983
2194
9382
5344
3777
9538
9932
1938
9530
8083
5548
7591
5240
484
3202
4494
321
8557
1054
7627
9824
8324
3797
2846
6752
6061
4826
7758
7347
4439
6826
9186
2977
879
3591
9
6259
4519
9896
62
7918
6002
4446
4750
8735
3400
4277
5280
7239
1762
9376
732
9064
6994
960
7659
7467
6127
7615
2307
9513
1271
876
6610
5777
6643
4619
8381
1257
2190
8958
8418
2121
7597
4885
8135
9619
1534
5571
7200
9022
4822
3113
1124
4147
5451
764
9733
9412
1587
9633
7003
8683
8739
718
102
4920
2971
7903
8532
932
7518
8839
8858
8848
7828
7023
4469
5144
4360
9597
7875
6647
7653
2628
5723
8952
7260
4731
8671
5608
3880
8400
8705
1952
9922
412
6312
4478
6196
3204
5511
3618
5968
7099
4891
712
8489
1553
277
7489
3794
6668
5855
9159
779
488
6991
3897
8014
8937
7249
9374
4974
9222
4216
1117
595
6646
4267
9243
5740
1974
5731
3005
982
9409
1722
2992
4021
4959
9304
124
5036
6353
9935
3435
3376
9823
3374
9511
7286
3348
9518
3345
8797
2229
3897
3359
5781
6962
913
4813
5431
1406
857
861
8460
2357
1762
4004
2788
4559
4354
696
7423
7100
6916
9665
4091
1694
2253
7409
2007
2426
1978
3277
7572
4269
6544
2768
7878
9505
6307
1696
9387
6821
9574
4669
3041
6865
2266
7976
4924
2670
6504
1050
7677
7120
9820
8349
7273
9217
4514
1421
3045
6902
9175
1081
8104
2459
3086
7338
772
8710
6453
3122
6590
1310
4323
2920
9064
3064
3144
9116
8346
5644
9400
4570
4783
5153
4429
9034
5451
8169
4242
3952
3623
654
6206
332
4981
2720
9810
5677
8453
612
5436
1813
6971
5588
1156
51
8730
6906
9928
7643
5388
9272
5865
4514
2822
2347
3174
3962
1973
639
9215
5234
3111
2651
4350
6054
1056
6966
2608
70
8231
3543
6142
5467
2881
7112
7604
9713
3323
5539
1786
3221
1162
6989
1225
1561
3266
100
4038
5239
1321
3453
6407
3592
8765
365
89
9279
2039
2317
757
6566
3982
1723
1094
8185
4633
5937
1678
3875
768
8453
6847
6806
5407
7010
5140
8096
9497
6343
9276
4243
2880
7585
2591
5996
9554
4843
3863
5052
772
507
83
2868
5091
7165
526
637
5602
1127
9274
6376
8189
5060
1599
4684
1487
6549
2280
5006
9712
8937
1788
2740
3358
5166
9718
3152
7452
6915
3447
2596
2090
2667
4650
3945
8050
5887
9721
6271
1018
393
6359
8319
9775
244
137
6825
8071
4949
3068
7146
645
2422
8664
7733
1083
7441
6767
4950
2409
5830
7415
4869
1942
6261
6854
1196
2585
2732
9298
4353
5114
2418
642
3435
5362
9683
4430
1898
4451
876
8188
3333
8599
1389
6932
7532
7268
538
3410
3125
6560
7905
2767
4392
2297
4473
4249
8204
8453
4867
8569
9823
9485
4707
9523
6007
5707
3952
5331
2853
854
3581
9045
5618
7041
6139
8699
1499
8107
1308
3714
1783
2208
7430
5976
6309
4320
5290
8454
3229
5222
3532
1790
6745
9548
7130
8675
9105
4918
5348
5169
6507
9090
6986
2494
1740
8019
4897
5344
8013
2327
2371
6099
3858
7631
1197
9507
5231
588
8596
5866
4520
5055
2957
1567
3844
1384
3392
2013
1797
5050
4472
8027
5388
6873
3716
1265
4548
3482
1632
8929
3212
8734
9311
2039
4789
1847
8977
8689
9712
6039
1080
6971
2768
4885
2069
8086
5921
152
9269
8734
3745
3173
1824
5570
9595
5073
6293
9376
2037
7386
9236
8041
7864
9177
2522
4336
4745
2043
3701
5098
186
7201
2902
4985
2663
9709
3660
7681
4555
5232
109
6237
6830
3509
4047
7800
3330
8841
5748
8755
7073
5029
2809
1230
8622
5404
7414
8933
1587
8170
5812
3402
9600
5168
7799
8149
6808
6037
4649
5694
9960
5265
6550
1536
6502
6345
2589
5619
11
8399
4020
1893
9664
3999
7587
5139
4280
9344
800
4895
6174
5067
6598
5827
168
5661
6448
358
6645
715
714
7516
7473
6114
318
3407
7097
454
7452
2371
5903
1572
4904
2906
7208
8189
8114
6575
9608
1859
2861
2118
1423
7237
2228
4564
7720
7133
5326
6184
2458
9369
3505
1788
7517
4053
6148
8437
7127
3446
2222
7306
6096
9920
8963
7526
2634
4301
2877
6501
5437
1891
1584
2187
7044
8288
947
3101
9976
5554
3992
335
6671
911
751
6555
8459
3307
4735
8536
3969
9947
8125
6077
1431
5984
7878
688
449
8644
7994
7379
1307
6319
5171
7789
8495
8633
8304
8140
6230
5677
8453
6238
9991
2116
2097
3614
632
29
47
9422
5483
998
490
3589
2202
5898
5585
5300
7669
7168
9161
9768
8677
6687
6752
502
7230
2192
7473
5429
9987
3994
6179
4262
263
911
284
7427
3506
4097
1025
5389
389
5349
8972
2060
6409
9754
2105
2408
8260
9393
200
5857
1670
8548
5667
9818
4604
2118
1432
4600
9820
3952
7966
3974
5994
5111
8252
5666
6578
3989
2480
6427
692
8252
8203
1887
3533
8189
5827
901
5966
2034
6712
5711
4159
9014
1101
9636
3187
106
4910
2003
3659
8784
3634
8047
4795
2311
4443
1785
9407
7212
6249
183
3544
1220
9843
8226
9323
2827
6365
8052
7873
1714
8142
652
9376
215
2584
4835
1649
1754
4108
5026
4436
2204
7166
7454
3073
8632
2216
7163
2708
8257
7264
3270
1921
8171
7759
563
5581
2061
571
6438
9459
420
7265
2651
7599
3389
8854
9327
3308
268
9838
1038
5342
8589
6328
6938
7440
760
8590
3197
9260
7854
8069
9112
7512
7668
2870
6455
6262
1759
7679
5520
8139
5489
7005
8301
1356
9088
7651
7423
1464
2390
6520
2276
9405
4795
5344
4853
2940
1452
4818
2418
1250
8266
7702
3798
1392
1439
414
4870
2902
5400
9382
5266
3022
4671
256
1766
3456
23
3573
2032
9813
9496
6641
2449
8300
3345
7546
8708
8639
6821
2403
3584
1522
8811
8531
1765
3071
2264
2497
7862
6666
1298
1223
5578
2683
4642
5759
4969
6588
5091
379
5520
5769
288
8638
4207
6932
1350
1956
6458
2863
7307
5202
6861
1347
1083
4273
3289
1265
5663
2520
2205
4226
5019
5398
9846
7150
5083
7349
3680
7029
3235
9213
9166
3133
6027
9716
5345
8616
7863
7302
9612
5100
725
7587
3292
4573
5053
5746
1829
7663
7641
2484
8006
9747
8343
8572
4596
6423
4704
8529
2542
2076
3398
943
331
1053
32
8195
2895
127
6534
4136
9120
1088
8366
1185
6482
9394
237
2359
2513
3184
1351
8197
1882
7468
4456
4423
7077
9057
9057
2454
6538
3025
5983
1547
1225
7526
4214
8585
8153
4807
4191
9377
9950
8092
8139
7862
6087
181
5766
4904
2524
5629
6073
6056
2951
3610
3866
1595
6465
2315
1609
3409
3445
9516
3851
8249
35
1876
7334
9713
3543
2843
5493
7616
4735
3730
8472
2782
9154
6712
6858
6163
9272
5287
6328
9043
2655
9543
5759
1643
7323
4251
4219
4075
614
5983
7334
5502
4143
6276
1255
9471
1962
6636
3467
4471
6890
3870
6902
6431
1037
8392
3416
8917
5118
332
1856
4356
7455
2640
5186
2858
382
4834
9418
7947
1869
6262
5606
5877
4347
7962
4605
8207
9954
3282
6730
6881
6209
8316
3916
2378
3163
4568
5424
635
4067
9929
6862
7473
8619
4191
2255
8169
2904
8002
8961
7146
6706
4567
8589
9109
3795
5295
8866
4811
3207
5657
2319
5575
1633
1482
9961
1085
1797
2699
9560
6732
1142
25
3797
4280
9161
3155
3995
2443
4405
6405
8337
5439
5539
1904
4786
7385
9637
1284
8744
8380
2922
9555
1713
1665
6195
5122
5161
9502
9742
2733
6843
2371
8111
3645
8736
2925
8393
402
9360
8969
8513
6086
6565
5010
4887
6459
4309
6609
5496
6928
4998
8679
7291
4222
1911
877
8692
7943
9608
8746
9633
8243
8425
1047
4979
6130
6958
9640
9783
6740
9902
5346
7383
9347
5475
115
7097
6799
7055
1844
6171
8657
9019
1606
8805
3711
1762
1190
341
4854
4927
4169
8920
7723
6962
6361
8373
7823
9446
3577
5111
6645
3298
8500
130
9653
2146
8425
9798
2662
3557
4579
8721
1667
9351
1273
1048
9809
275
6049
3126
5265
500
575
1310
9803
8875
8276
4504
8841
3739
1803
9301
3238
9599
6342
3896
8744
5980
9147
6699
5352
5469
6145
3176
4305
468
3427
1689
5408
5469
7574
8536
7063
4107
1142
1871
9484
1575
2271
2305
4950
5944
8050
1588
3875
45
157
6560
7708
364
3515
4510
8399
4694
5785
304
9267
9778
3576
6868
6194
1004
2674
5371
696
1157
9544
2290
7297
593
2775
3910
3413
9852
2202
9860
3234
4122
5090
7266
3846
7072
2550
469
792
8505
8703
6778
1013
2702
6075
698
6557
4592
9277
6460
832
1783
7847
8535
4473
6559
2684
1613
5446
3067
7092
8450
9057
6438
7188
4389
2781
9031
1437
9058
9477
3995
1920
3543
5446
2664
1696
8069
2426
7126
5353
239
6
2524
9653
6105
1686
8876
2000
6378
1716
8141
2868
7061
1231
6017
7904
5915
5980
6455
4096
3843
9412
8927
4804
8938
332
5512
3759
7877
8375
312
2925
8914
525
8855
8632
5118
7114
7469
4139
1012
4954
334
9664
9328
1305
7022
1423
1652
9543
4059
6950
2863
9388
3521
3591
8433
8834
1311
5175
6823
744
4367
3976
1083
9037
1131
7068
5736
6839
4424
1125
8332
9258
1045
3909
8225
9742
7195
7548
3136
979
3648
9347
3674
6511
9967
2257
4258
8512
7244
4129
7836
926
6677
8203
5678
7051
1668
2710
6865
9586
1308
6617
5330
2729
4067
8230
306
306
2615
5258
5792
6186
9471
6560
369
8898
6336
4832
6972
1988
3897
4258
1897
5378
8783
9796
2768
4587
6859
8772
7414
6815
4902
9012
6147
6348
917
6908
3040
9570
7903
9282
5674
6750
1978
3875
9493
9683
2831
6009
1944
2141
4718
9714
8
1621
6576
729
1065
3083
6738
2632
3248
4153
6739
9289
6423
6573
161
8077
8221
1339
5521
39
7053
8919
3338
7733
9763
5082
1502
7752
4985
9515
696
8881
9202
6130
6398
4407
3296
9582
2618
6658
4566
7081
3563
3255
3131
8140
6248
3892
9871
9014
8044
4163
4201
7467
2261
3677
1643
7216
2779
7948
3132
8652
5484
5969
4626
6510
5786
3870
5853
4793
5515
5096
2217
459
5540
9357
5924
3500
7343
4629
8838
686
5673
8066
7652
6081
2446
5661
8597
1756
9291
612
2816
2638
8452
3644
1103
1708
2555
2333
1354
7408
7922
1263
3818
493
1278
2699
1960
2772
7501
7755
1765
9600
6855
636
4833
7890
3348
622
2623
2245
9514
4051
5835
2384
1881
8063
5371
3227
8679
1459
9863
4446
6078
679
9050
977
8429
1635
1115
5879
8828
4846
9508
8034
5583
4715
7113
2312
9963
6434
304
6328
6575
2767
1234
6172
1311
4060
8503
6543
8524
9493
4559
1814
2801
4561
7060
6783
2395
6640
5422
2051
6355
9639
9481
3631
6218
6293
9295
5476
4847
656
684
5496
1002
9753
758
1796
2539
9412
6811
8411
8107
5929
1178
132
8291
7623
2229
8229
151
2558
6059
637
1687
2422
7074
601
8645
7878
9962
4103
8807
5002
1581
3561
9454
1060
7054
791
7189
4907
3779
5660
2831
4745
9498
8886
5506
9891
1421
9255
6819
9581
9259
8082
573
9167
5308
7273
382
6539
8298
4504
5913
7022
6601
7027
1844
1092
154
6834
247
5372
6458
8423
212
116
6376
5742
3948
1797
4882
3396
1679
4247
2116
7577
4601
5614
2133
5988
5367
8861
3124
3599
1861
6754
8014
5038
2227
7801
9010
7925
43
634
5034
3419
6352
5165
3728
7534
1655
1717
6417
5034
1623
3942
9907
4332
1844
6869
2130
4818
247
2339
5010
4327
5921
2916
289
7976
8749
525
4758
4413
9805
1997
2640
4547
8240
7981
3061
4157
310
5232
8886
8394
2992
6883
8320
5548
5912
6849
7895
6228
7470
9308
3047
6914
7313
1504
4578
4665
3037
165
3156
9373
8775
3761
7673
356
4762
7151
305
7921
6532
5952
1941
7255
577
2785
9038
4642
6147
9654
7995
1186
3064
2760
2295
3111
6706
9227
4906
4391
7440
4987
6503
9408
4672
4558
3371
5999
8028
5992
3139
8405
464
8561
3593
5117
9792
3445
5554
1917
9373
6494
9152
71
4603
7328
8764
9989
2647
9734
3995
8697
7955
712
2024
6973
3983
1003
7416
4044
8706
6157
2924
8812
2776
6429
4166
6044
3673
8351
8169
4287
9367
2482
8481
9130
890
7907
8801
6984
6761
78
217
2769
8171
2112
7745
9292
5051
8644
8674
6051
2385
1970
9623
8720
7603
4396
940
6216
6895
3273
5305
7918
1261
3925
7666
2669
292
1041
6932
3246
9043
6255
3659
5647
9485
4300
8750
9521
3573
1810
5590
9776
5830
1126
4360
1639
3058
8139
3135
4965
8692
2426
8557
9989
7184
1410
8304
644
8527
1764
773
8098
713
2125
1036
9640
8648
8109
2029
9817
2436
5862
2915
6305
9666
8787
956
3139
3663
3627
7485
6278
1618
3513
1813
7545
6281
8253
9081
3292
9223
4056
9592
9864
6672
4086
4111
7960
7014
4192
1089
8031
8996
6937
8092
6896
9889
9440
5575
3691
4156
4428
5251
2120
5631
3380
9859
8847
5179
8827
8361
5967
2920
7990
8681
49
6250
9288
3561
7962
7645
2133
7732
8687
1863
586
5372
9854
7084
5587
3269
8499
3208
7802
6067
1096
948
6863
4571
9076
663
4442
8843
3396
2441
8131
875
5788
2634
8779
6768
3372
2547
660
323
6028
4500
456
1641
9555
1916
2716
3706
4309
8452
2115
6507
9164
8526
5331
3425
3574
8378
4257
7012
4764
6654
1615
2658
2364
6493
2104
4088
9306
9314
2817
329
7110
8005
9456
61
7188
8180
4105
6476
2984
9068
5370
9896
3928
3436
3406
3711
1906
474
4923
2205
9315
3694
8690
4668
6297
4702
9947
5198
2565
2445
8134
8175
239
5645
8476
6671
4663
9780
4481
4495
469
7708
4145
3026
4802
2643
7622
4063
595
3625
8762
6746
8255
5285
4514
5856
8841
84
6004
3238
4948
3935
2898
1585
3930
8249
7741
6250
5503
8536
8451
7791
7677
7861
3736
2730
5225
4398
3554
644
1183
4743
9899
1752
4957
7327
1303
2213
990
8622
5097
2713
139
3742
308
2805
2306
1248
8887
2990
730
2262
9479
2214
5404
3311
8147
244
6140
4034
900
2311
1461
6047
6584
5186
9683
8847
5521
1325
5090
5953
786
9119
858
2760
397
8662
3644
9797
3092
7667
7069
5233
3618
4242
1194
6760
5143
4619
2844
2459
3173
6621
8123
5025
7345
4871
3446
344
4791
7923
1532
9548
5044
293
7290
8787
3525
9042
4897
2657
1823
3000
4085
4610
3326
3986
1376
5474
2480
7268
1699
7410
1968
5423
5474
1819
9650
5495
9217
5598
4638
5305
2357
1950
838
1271
5050
3941
856
5240
8450
6277
4028
7683
2707
922
7996
4579
6300
8938
2466
7671
4274
2496
9712
1204
3420
3941
5104
7528
6987
4947
1079
9404
5199
7004
4697
5933
1733
4788
8364
485
955
2694
4688
3525
9186
9260
1024
636
4197
9832
5728
2909
7204
3263
7178
1186
8408
9453
3340
5025
414
4566
6195
7269
4176
4100
8653
7617
2274
6250
7641
8162
3252
9558
8032
8500
9519
6155
3584
5756
772
9093
8702
2249
573
3129
4570
8117
6858
9580
7264
4111
2012
577
1317
2240
2714
9682
4152
8305
8136
7148
1783
6125
1921
5851
4273
7821
7824
3009
3071
2664
1508
8584
205
392
4173
7678
8456
6840
8489
5283
2690
2054
1670
157
1485
8714
9836
1716
6664
7070
5963
1405
4899
6789
5371
8911
4795
1512
2765
4634
1715
6050
5306
3084
9895
3660
8615
5483
8938
292
6326
1206
7913
9286
5900
7585
7492
873
713
7852
9840
9595
2668
274
6006
3906
314
8480
9613
8776
1935
2956
4382
2398
1933
1787
397
4786
8092
8665
3452
4726
2688
7845
429
326
4395
1763
732
565
6254
8898
1967
3692
6154
6208
8035
2716
5549
4158
2832
7676
7034
2284
5377
7885
7577
8090
423
4299
552
5318
635
3290
6385
56
5715
9902
1544
6442
9963
4620
9112
8249
1282
5971
7820
3457
8015
8124
2899
1364
5964
6296
6712
8124
883
7424
120
9992
8739
8115
2996
6005
7261
1479
7345
5406
5080
9280
7490
4328
2196
6059
6432
5037
9834
5311
6588
3085
3529
6534
86
9539
6569
8385
5166
6003
2340
8296
6851
849
1396
126
77
84
59
868
2696
3108
7839
6895
4063
8881
8038
5449
3519
5908
3948
4330
168
6692
3370
9302
6432
8277
4934
1807
3805
4085
1527
9113
8259
402
1479
5049
3307
5799
9851
2656
5051
9063
5467
4611
7680
7279
1726
288
6084
456
9817
4147
5832
4515
8352
780
7213
7983
154
2806
8923
3750
5548
443
4413
6036
6352
9431
708
8768
4273
4328
6232
1346
8333
282
5008
1524
4943
591
2501
6359
6198
9690
856
608
9880
7833
771
7410
6690
7361
5465
4833
1797
4922
1087
8512
6878
2422
8106
2749
9959
4627
5140
6714
9453
8786
970
2114
8300
4014
1023
5326
1292
9601
3724
2859
484
7351
2825
2545
7791
3481
1371
7020
9163
4323
7329
8475
3509
518
1175
8725
8487
997
8774
8639
385
3933
5039
977
5457
1606
6985
2149
7245
5249
2612
1231
3198
4935
7291
5197
2049
9789
3845
4150
1176
7681
8435
1598
5556
1839
6521
823
5132
3767
8280
5326
6721
4460
860
1239
1384
6790
7086
9993
6199
7618
391
5068
7896
4579
7026
6708
6026
6195
9715
1350
3530
8089
2745
4844
7855
7289
894
4919
8460
4454
4481
1332
7076
8221
5539
1208
808
63
5649
3427
380
8176
1924
2550
7017
8051
6391
2251
1079
2737
41
4765
5892
2399
1568
4328
4135
5029
5223
3130
7234
9701
1617
1037
9412
1414
1059
2455
9379
2796
5112
5775
358
9202
5898
8849
4842
3976
8438
6997
6751
6840
5204
5397
5432
2568
8059
1694
9332
6380
7108
8880
49
9214
881
6871
6522
1515
5858
6232
2795
6988
6286
6190
6257
9254
3714
4910
5948
3357
2560
9316
3108
6938
8004
3674
228
3553
8070
1071
5847
8226
110
7013
1338
1720
7124
6019
3296
9034
6342
4272
5985
9571
9252
5405
2074
1958
7023
7038
7675
9175
8880
3544
4731
3963
5087
4075
3994
4890
7952
6511
4768
8158
6727
4745
205
2386
4597
446
7122
6856
5939
3603
6302
8608
9852
22
3664
5986
480
784
8744
2040
3762
6406
7430
2671
1737
701
2414
9962
7052
7863
7422
1955
6174
5712
3873
4130
8740
7470
9649
8700
6652
4312
1538
7614
4767
7845
5126
6208
5317
806
3988
2650
9265
2761
4487
7315
7405
7772
3727
6002
5287
4825
7950
8395
1612
6154
8299
9529
9628
6960
241
4036
8890
6243
4190
4651
6513
9925
7536
2778
1571
8880
4741
7241
6612
9835
8792
459
8532
7271
325
6877
4136
6532
7694
8975
1028
8245
5602
6963
5806
3477
1821
8092
1250
6550
1272
107
8795
4411
3920
9880
6286
7653
8691
6884
2723
2808
5690
3787
618
8129
9661
9052
5668
4157
9689
3814
1084
8991
1732
9939
8462
3073
850
2566
3466
3242
4851
5991
9456
9925
1236
5794
5610
2171
5049
6530
5329
1172
6310
5304
4987
9931
6144
4153
3614
223
9590
2618
8215
5433
7249
8324
6146
4779
2639
9131
1759
7408
4088
5335
4156
7228
8899
4633
4135
1055
3750
7042
6209
628
7050
3392
7017
540
5602
1591
5827
8837
7580
2708
7079
8228
5069
251
9470
2293
1806
7021
1493
861
8915
1288
2270
1933
600
3251
8404
4553
8357
6952
1247
6204
2623
4462
4548
2997
4979
6165
8889
2008
6898
2982
7967
8549
8271
7686
6711
1448
362
1325
1911
9141
766
8392
4223
8228
2802
3199
4457
7934
6601
7001
1909
8909
3548
2029
6762
3570
5355
3399
4863
623
908
5681
2961
695
7749
3530
5164
1775
177
1706
944
3493
7893
3300
2503
8837
1791
9725
5813
5104
624
4685
7025
4518
4580
3025
7734
1819
4492
8174
1049
9235
5639
6238
7106
2511
2307
1731
6082
8510
7468
6199
4312
6576
5507
6188
6748
770
6489
3049
568
3410
7728
3071
2064
9669
1079
3108
1548
9030
9595
406
1396
5585
2868
6646
6203
5830
6526
4000
9902
3261
581
7447
6957
7878
4435
5324
4230
3928
2006
6533
2545
717
8879
9281
5111
2001
2216
6885
4792
725
340
6931
5107
6809
2664
4801
7613
6055
5485
2577
9997
4326
5619
847
5236
692
1982
8756
8892
3809
8414
9645
1210
6535
5011
5537
1264
9372
5834
2284
1575
7529
3765
4648
1963
5964
3274
6777
3007
8387
908
9219
5219
9224
1354
534
5297
9799
5904
1234
2910
8297
2569
7617
2463
7666
9176
2439
4643
9920
4620
6724
615
5125
4967
6273
9545
4927
5492
2176
5239
1195
6493
1578
2010
7734
7727
860
1979
9507
7755
7928
7374
9837
7005
1311
5136
3952
6453
2182
1243
615
5912
1481
1875
6972
2970
1415
8427
4068
7370
2926
8015
973
7516
5315
5593
3673
5428
4749
9479
8072
7131
8844
2581
5038
7466
891
7941
8320
6666
3986
7332
858
9420
4779
9062
7959
194
664
2359
7796
1470
7578
3906
125
4783
1087
1463
9966
5978
483
652
5362
3538
8556
8777
7102
7379
6403
8313
3546
1856
6087
5693
7322
3640
4237
7456
713
6429
5152
6877
9061
7441
9321
5265
966
7348
6644
1381
1595
961
8705
2566
3317
3362
2301
3903
5127
1881
8551
8165
7391
9889
8202
3471
5189
6074
2846
6310
941
78
76
882
3861
9678
8343
8725
2052
5041
7211
6678
8164
8785
5720
7073
1126
7207
269
886
4835
9385
9769
357
8908
3774
5785
5482
6494
9010
5867
9633
7849
1269
1851
3062
8679
4153
4562
2462
4318
9649
8009
993
6141
7160
6289
6556
6281
6192
4051
4727
6419
4388
8820
5226
2530
6365
5634
9532
2524
8284
9509
4546
7228
4886
661
869
5452
9780
3561
5768
7987
1159
2265
2990
9787
3315
56
9854
5913
6583
7384
8795
1394
6862
3109
7667
651
8747
3957
6783
835
5888
685
5707
8309
9590
4999
7413
5310
9747
1729
2559
7489
8712
8442
248
7567
4991
1554
8513
7269
7936
4822
7034
7930
1205
897
7882
1454
7042
1288
2566
7788
8249
1089
1752
3048
5272
9579
8340
212
4165
3944
2965
4780
6532
1238
4756
5181
1034
7836
1314
2399
7255
8772
3898
6013
1759
50
8576
8770
8475
8996
3942
3880
8630
9566
6043
7898
4486
9356
6239
1275
791
7763
3801
243
5975
5459
5646
8673
4670
8906
7129
4418
9124
7644
448
3368
8234
4423
7031
9757
8746
6289
227
6164
7739
7376
3952
7841
1872
7140
4528
9487
9660
3133
6387
4323
9319
3202
1141
5312
5329
9887
1087
9572
4756
9168
7556
3215
3708
9324
2023
227
5288
6788
5806
8912
42
8312
7575
6396
2771
5276
9512
4085
1584
6087
8179
4275
7650
4205
4318
6321
6276
3735
1329
1795
5913
959
1202
1188
5719
5048
4143
8872
2631
5022
273
3706
191
460
1551
987
2933
1711
5630
9260
731
2218
9086
3844
4929
8826
4248
4785
8544
7437
5002
5273
9802
6471
7590
5396
4437
9358
1686
817
2400
4831
1259
1408
7719
3347
4077
8926
4382
6622
8405
6919
9090
6654
4811
3881
197
4751
2325
8496
5577
9156
9704
6094
9935
6308
579
2975
8479
3804
801
9135
4166
6273
2703
5119
4851
5055
2494
8901
8108
9712
8881
5920
5075
9954
208
6749
9182
1899
2893
95
2259
7870
5533
804
8015
69
2153
5685
6317
8321
6106
8220
7981
1415
247
9406
9643
5576
550
8595
2454
6634
9433
8552
539
164
5044
8280
875
3140
4229
9790
3230
7116
1912
5107
4418
5113
1250
4813
7703
4681
818
8164
9355
1532
1370
1548
8080
8073
841
8152
6801
9716
4259
9358
3356
9948
9712
621
476
1178
6985
3561
8415
4528
1689
9436
9162
1674
3916
8625
4231
1979
7805
2852
5870
7762
1559
3652
2237
3369
6283
6079
8396
4309
9756
3215
9774
3571
162
7023
6489
6347
727
1580
4594
3714
9095
6029
4997
5754
7035
9369
3661
731
5103
9673
3495
8992
4792
7397
9330
3175
4898
8544
2504
6666
2431
9638
8926
9825
333
9962
3511
2529
2825
893
8637
4904
7737
1771
9521
9798
2362
3604
1717
1915
256
3423
9443
3861
3684
3394
9730
7197
5145
5808
3826
5507
6927
4205
7366
645
3529
6951
5699
8418
4078
2771
3016
6886
2754
5743
8959
5149
7141
6891
7890
3637
9338
1522
7646
4157
6556
8879
8126
2806
8622
3027
1060
8348
1235
1391
4931
2877
1378
8727
8208
3706
6472
5690
8188
3307
1869
1225
5129
6738
2410
6501
3248
320
2400
6725
8931
3751
7976
832
4122
2508
9775
8608
4287
8262
9572
4192
8983
6739
4855
3948
5431
9885
8439
2813
7549
6004
2198
1305
2785
5352
605
5911
8930
3332
9532
8680
8387
4795
9452
8484
8934
3996
3850
8826
9341
9554
6950
7045
5021
7820
1858
6654
6548
9775
3344
8525
2291
7355
6378
1406
6841
8645
1660
1825
2214
6487
4754
8083
8277
9250
5864
5428
9630
78
1752
4934
2380
1421
6960
2838
100
275
469
9019
5140
162
840
5623
9334
8795
7189
4454
5195
1550
5900
7771
4924
7366
9523
2549
7830
4079
5903
3956
617
5743
6421
6898
1397
6911
9392
1176
49
1581
4709
2705
7254
5298
6191
3569
3618
6058
7770
38
1970
4722
2232
6300
6547
467
5873
7475
4202
8440
5110
4437
3153
5643
5641
441
5652
6729
4842
1109
882
143
295
4829
8819
234
7657
5989
4149
1035
262
2580
1687
6945
9627
6167
9775
7538
2811
2073
5943
6306
2554
6314
1781
2206
4998
1946
7716
7150
2807
1333
201
1204
945
4959
4575
4746
8679
8758
3666
8590
9445
7149
4635
4237
6007
3475
5351
3667
398
5569
5590
1352
6768
5275
4404
5108
9064
8149
618
3640
7237
6809
2764
2248
6647
3646
9421
5354
1167
4727
3448
3434
2329
3319
4343
134
2864
946
3703
5786
164
8207
7411
1904
7628
3206
8941
7111
4361
4971
776
4641
4753
9
6033
1329
1981
4678
7341
3805
825
4347
835
4184
3537
2968
788
9006
8918
4364
8228
9592
6820
5596
4514
6063
6315
8144
5431
4951
7642
1881
4898
2211
6422
2541
4061
6496
6794
1609
1174
4516
4605
9720
1424
8332
4551
9045
5797
5206
4070
6459
7629
776
1713
7618
4759
3088
629
1499
4987
5194
5898
1593
4026
4611
6695
3742
6792
8674
1369
1254
8216
6657
8997
9861
9466
7044
1603
916
4028
1922
9120
4318
5992
9952
1790
3808
5575
704
4094
3075
9152
3728
7892
6363
3091
4470
5059
9155
5538
9138
4709
1766
4290
6960
4129
9116
3439
1446
5751
6835
4304
6696
3908
5100
7528
9599
8031
9411
9936
8823
4281
7722
3631
255
1278
6574
4652
8447
758
7444
6387
1356
5245
4930
9382
3775
427
3149
8335
3086
500
6227
5431
5804
8036
1307
1676
6155
8429
7095
1686
4687
5730
5758
3722
2763
3166
9704
8488
2862
1844
7554
6832
5651
7985
6471
8546
6554
2590
9074
3213
1022
2991
2257
284
5989
217
4057
9790
9118
9734
9929
6105
3397
3734
8568
1045
3226
3379
7584
659
8665
6920
6155
1848
1577
7207
522
6481
8461
4249
2557
459
678
740
3256
2971
8606
2481
6950
362
9637
1222
5514
802
1647
7909
3767
9213
4187
9857
4781
3377
1367
5086
1556
598
4181
6751
4994
3286
5262
4720
123
9795
1742
8886
116
4907
1198
5900
8282
1395
3347
5583
1925
1514
6505
7985
7170
4268
4028
6517
6737
9486
4288
5224
5058
9518
7978
1642
2982
1092
3210
3791
2109
3663
7280
2143
7831
4041
8274
2677
8018
1483
3241
1381
5856
1294
2558
7414
7816
7438
1967
6361
1421
3661
8316
5043
7841
1813
3288
7501
8321
8525
3346
9348
1894
9662
5779
5687
5361
6986
3736
3138
3297
6615
6289
1140
114
2364
8389
7807
4145
2838
2227
9313
4423
2795
282
5943
355
9518
789
5526
4106
1868
4582
42
4442
309
7871
7296
2934
3597
5420
4016
9473
6987
6479
5228
7647
281
9936
3698
7879
4034
2359
5622
9816
2324
6270
8031
4425
6207
6774
226
7213
8553
9773
593
3227
8866
3242
4553
8613
4088
3486
7900
2392
6739
7693
6450
8251
239
8221
6233
414
4505
3055
4626
9222
2711
4125
7214
8051
7229
5605
6646
501
1581
2098
9053
350
6786
5008
4105
324
4163
9245
2929
5516
2819
9698
6665
9579
679
3373
9426
4791
7419
9456
4430
8532
8658
2955
8360
2005
2174
1854
5712
6661
9686
9411
2454
8465
4320
2717
920
9308
3889
8652
592
7365
6507
6098
7612
8027
6509
9675
541
671
8988
7148
1294
3216
6667
7863
9462
2307
7584
5137
3723
8001
3152
7073
8872
6925
7233
8595
226
4701
5279
3954
5979
3095
3057
3483
5935
2328
3910
5727
4354
2179
2514
5978
304
9716
1725
7616
267
2603
1402
7840
9558
3324
1979
8767
3228
6131
4298
3180
673
8397
8126
8200
1921
8314
6796
8091
6706
9852
3635
2529
4952
9479
6534
6370
3539
4551
6414
4325
9729
3513
2017
8417
9600
1603
2361
6956
8947
6837
6196
4216
2040
6468
3819
2585
3722
6189
9143
8590
7851
7310
3369
9921
5931
8652
223
4449
4714
1640
2001
2265
1399
7217
3545
7792
1605
2715
3569
7836
2908
9579
4860
1318
2765
9650
3361
9897
5223
9882
3005
175
8795
6448
2983
9501
8931
3696
1622
528
5021
9827
9424
2067
4593
9574
5805
8844
6162
2892
7781
6352
3630
8173
3658
2262
1775
7787
5033
2352
8612
9402
8321
3864
6233
6147
3753
5525
1647
2703
1223
8277
8030
8453
8671
3490
5610
3382
237
5647
698
2293
2395
1771
3528
2186
6332
9306
1025
9132
3818
9674
6983
3946
7841
6146
7083
1243
8590
2797
3460
389
2841
1477
6061
5308
2005
416
1494
4672
9615
6146
5159
1158
6186
7013
9750
7272
4972
4424
7120
7939
7236
8969
5053
6250
4727
6450
5979
7835
6969
6489
1434
424
4559
5083
8625
1841
8719
6155
9614
9333
4305
436
2932
6118
824
6390
7210
6538
602
7826
5275
9680
1833
9023
8383
3639
2202
2169
7131
7949
6288
7283
8817
5483
6576
5075
4779
3619
1490
7456
9656
7517
6281
5467
7603
5704
3207
9435
5771
9856
5331
5008
5272
5023
4785
5760
6510
4247
5291
7027
768
1233
457
1856
4470
7638
8242
5715
3607
3757
4707
8351
737
1618
6468
1486
6070
6968
9306
5810
5323
2
9008
3143
5588
9875
9584
7786
4955
5046
9125
8018
3330
5153
9863
927
3197
9936
2249
5044
9393
2130
794
6416
71
3518
9555
2835
1621
1202
8883
4258
1291
1125
8957
145
4737
5533
8411
322
6176
380
3883
593
1664
2159
127
387
5119
522
9195
185
2084
5550
1940
3273
394
8005
1715
7806
4604
8539
4562
1584
5664
8516
5283
5910
3468
6967
2747
2880
8447
3165
6924
1692
7960
5254
9129
1717
8948
626
5606
5300
8509
9724
117
1268
5124
7036
9132
9043
3799
8364
1522
3246
8015
5813
8945
7021
8670
5656
8657
5360
1090
6717
8822
3436
4623
5874
1519
4779
6782
1112
1270
9849
1689
9357
8393
5204
3481
9688
6477
5389
1859
2226
6348
8097
8929
2677
2595
9360
6579
7516
8489
7306
2856
3290
2329
2123
5415
5486
6051
2267
4303
8208
1008
4939
2719
2661
9229
664
3055
1058
1816
9592
1610
4727
4000
5
3175
5858
4317
821
7980
307
1108
3744
7799
1515
4490
5763
678
7676
5463
8075
1368
614
8435
2452
4336
3438
1920
8333
4995
7281
7071
4096
4618
7090
8452
276
4752
2775
1358
7769
6125
717
7546
7489
8869
4728
4451
5877
3652
5019
4169
6086
6520
3590
3304
9405
1343
5446
3149
6630
7407
6110
2643
2510
1063
8287
7223
992
1044
5024
23
4608
5846
3105
7123
6684
2917
4608
7719
2903
249
6437
6974
6497
7886
9256
568
8450
758
2436
1467
8041
848
94
6125
7810
6144
6723
202
3665
7638
1860
8696
3515
8061
6415
8627
3545
6743
690
793
1186
145
6694
8070
8705
7913
4414
9185
6648
1202
7030
6040
5976
7821
958
1760
4683
8979
8470
7642
2594
7381
5924
7105
4770
7414
4379
8711
2660
405
2165
2293
4851
5532
3534
9880
6597
4300
5956
2172
4179
8690
3200
9582
4813
12
3822
7707
3406
6034
412
7144
4575
1887
2530
7620
4188
6808
4500
1467
1911
8535
4863
5033
7074
6097
4415
7180
4878
8532
8404
463
2926
566
8725
5102
2880
1879
3646
1923
6103
3385
7430
8459
8393
2194
7895
4548
6837
1472
1242
5895
7416
2326
8657
4032
242
8923
3397
1504
6479
4531
1647
8050
4634
3491
8631
416
8386
9040
1034
1617
6085
7405
9951
1493
6473
7142
6848
1503
8349
5484
2926
7887
6356
1298
1189
690
8893
3305
8349
7535
1571
1088
8631
6948
6956
7799
911
1081
3623
565
5634
4470
3480
8787
2920
3207
6372
736
620
1717
7911
2445
8759
723
8343
6196
3490
5959
3251
9308
4887
3527
6022
7963
7399
9713
1192
8494
8976
1499
513
7146
1186
9943
8164
9963
8424
1747
2351
2984
5496
5478
4632
7074
825
7797
7947
9185
3421
279
1254
1912
5045
5594
8531
2780
168
4216
6522
3940
9100
9034
982
5661
2352
9950
839
9111
8924
6685
9857
3306
6434
9335
8590
6794
4786
8582
1067
4801
4555
7213
6181
6076
3503
1153
2482
924
9172
2926
2427
766
6668
1062
7146
8922
3140
6154
8333
7764
1514
7836
1627
9065
177
9044
5468
3714
8941
4293
6195
4228
226
1694
1033
8543
2075
8462
8989
7052
7763
9447
3479
1405
83
3524
5520
169
349
3238
5258
8831
784
1214
1172
7674
1631
8723
3038
4727
7569
1266
9989
8422
50
4331
5521
1352
5053
9682
5515
2194
8518
5922
553
3412
6734
2808
5356
8680
3703
5144
9687
4049
811
2393
6995
4150
7867
7904
5624
6552
484
3798
5678
8164
8841
9590
1244
3231
5046
756
6271
8657
8203
6592
3794
2931
9771
6124
7421
6373
9654
1390
5925
6008
409
7696
5701
8915
6577
9135
7938
7553
4293
8346
8198
1537
8331
933
5192
4287
2450
5200
5215
5971
2325
8500
4112
6273
6031
115
9912
4272
188
2432
6295
5132
2753
2910
8531
2320
3125
7738
5508
679
8039
2445
9266
9395
7226
8365
4787
3264
8771
7476
1248
5873
9746
2625
6419
4169
2773
4488
7953
1434
8558
1541
5097
2115
9434
3292
7618
2095
3286
5753
3647
4227
7964
6205
2830
4288
1510
4792
5915
7607
9324
6957
4555
4208
224
4385
2967
9670
6233
834
9388
2212
4502
7713
101
3623
2016
5849
9025
2252
2540
7095
8119
5286
6795
7418
2150
2943
4608
8162
9186
4379
9897
5970
1739
6661
1488
3145
5526
801
4822
3579
8797
9326
563
3130
3958
6880
5317
6322
7451
656
1054
3369
3052
5212
8847
3529
772
5176
5102
2672
8436
718
3321
3668
5236
736
4924
7850
6611
2002
7541
4079
3104
3526
9555
6776
89
9015
624
2297
8206
5149
2976
6764
5536
3135
6050
5269
8926
7687
877
2505
2565
4342
6454
314
7627
3914
2198
1198
3463
4378
3423
4512
8475
534
2374
104
4574
1936
2409
2093
2918
278
6644
7252
3719
3170
4107
3183
7914
1952
7443
6217
9489
6455
3589
2243
5893
3884
6293
9432
2825
2068
7363
3569
7383
1398
3347
2064
9643
3424
8251
3845
1562
6081
5977
7025
1533
3962
7300
4439
9180
6626
4900
7661
7529
9915
1825
4425
6175
8100
1227
824
2315
6901
1987
9998
2686
3271
9811
3360
144
5152
3664
2740
2165
1890
8616
1449
1113
4264
269
9848
9701
1864
5309
1502
2958
2377
2134
5380
7941
8430
7284
2322
3777
230
8896
9245
8651
7830
7814
7726
3936
9922
5807
4937
2302
7296
9224
5636
3759
6130
4436
1257
9821
577
6622
5529
405
7176
6635
3206
7880
4403
9545
6475
8485
8720
3578
8842
9339
5823
9584
8590
9992
7032
6718
8002
4893
9960
9712
3560
6221
1280
8068
2987
2180
7313
3051
8569
3826
6657
3833
8968
3815
9258
5686
978
579
3104
1994
1232
6722
2
5461
2965
6047
2706
2550
9471
5000
8615
1098
1600
9873
8639
3559
4128
2978
5681
465
3025
776
8551
3480
8267
8841
1638
6094
1930
4079
4505
9228
9099
8035
5048
8547
9054
5548
5567
3167
60
231
1415
7268
6416
6234
6469
2465
1092
8930
637
5435
666
4791
154
7408
8913
2099
4332
7442
4286
3785
4847
8100
2352
7522
2729
321
5821
852
5050
1245
5976
4941
8657
9306
7057
6387
3536
2969
5106
1233
6012
5117
6761
4054
2075
3417
8309
9809
2961
3170
6351
7272
1611
8526
4850
547
1201
1235
6542
3758
3095
6735
45
2167
9967
5556
8643
8188
2470
9948
6469
5416
9307
8440
5401
169
9025
9616
6512
5787
8350
2121
5658
1247
7925
9802
734
3652
227
7843
98
1888
6402
9589
4823
7351
4397
7153
4501
4104
9611
1168
7881
2982
9178
9517
7965
909
5530
7386
1967
1255
9451
3206
1644
9987
706
3463
7857
8433
2838
8872
7282
9426
117
5355
8071
7402
8619
2386
8885
7746
3943
9091
631
5538
5551
9879
4482
8197
4995
7207
1834
5865
7190
5783
8902
8116
9488
9414
1653
315
400
7847
2906
6415
1389
7222
5234
6430
3911
9960
4800
4037
4291
3042
7523
8771
9330
9143
2284
8532
1709
1387
4107
7480
3068
8553
3830
4698
864
8358
2549
5082
9664
9332
5827
7515
6000
666
2908
3817
190
9406
3836
2773
6339
1488
3488
2128
8322
6048
2997
4323
2144
2667
6785
3188
8857
2474
2375
2669
6982
5362
5516
7250
7261
6409
7860
7985
1614
298
442
176
660
2679
1730
2864
8950
8409
3153
7682
9798
8052
8690
7196
2211
6713
3254
18
7435
7782
8436
7423
2765
4670
3036
554
9148
798
6260
606
4363
4218
7838
9203
3698
5242
8051
3894
5096
5430
8106
259
3333
5534
7323
9764
4682
9487
6598
8136
216
4686
1869
1573
8316
1539
755
8078
1569
8362
1991
4804
1810
8230
4304
1948
8266
4971
7275
8774
6590
4739
682
3178
9217
8988
3023
1369
549
5515
477
5700
8088
2087
7580
2473
763
2033
1459
5223
3187
2118
672
172
1020
5656
8226
3342
1058
3820
5511
8284
8278
6532
7169
3614
5615
1060
9054
2037
8893
895
1382
4063
9739
9106
3914
9817
914
1208
6764
1746
9453
6430
3133
8076
2241
7499
9799
649
4052
6021
7025
7028
8171
3029
7478
1119
6374
36
1174
4023
7311
9197
5231
8082
6303
5117
90
872
1033
7685
5171
2183
9062
435
1323
1220
7571
9370
134
3341
5739
4684
1594
4892
2675
7469
3545
197
650
7183
4097
7798
3648
4046
6117
7679
5819
9863
8742
107
8426
2116
7547
934
6944
7399
3835
2889
8181
788
7817
6511
79
3352
774
2256
1999
5516
1876
8331
5916
1597
2385
3423
2451
1164
5019
9134
2925
3593
6610
6785
4057
5483
1488
1729
8128
315
4076
6859
6507
417
4369
1289
3015
7783
3179
5297
5778
966
2859
864
6649
3339
6875
8181
4160
7292
475
5391
4977
1143
7849
3587
5790
9059
1221
7935
9792
9610
7731
2548
1511
610
7367
2287
24
6253
7573
684
8886
3143
3589
2827
5942
4617
4623
5591
6209
1391
7026
2955
5437
5731
5225
7293
5848
368
668
200
2888
2996
3955
5348
3131
6355
9246
7512
131
701
3052
8442
5981
6400
3023
6924
8771
7501
2820
2366
557
3002
9625
1900
3092
4308
1971
2332
4283
9537
1538
2717
2412
2124
8131
1542
2030
9870
8813
8398
7353
7000
3983
597
817
6822
4701
8017
8373
7673
8737
1904
890
9081
667
1400
2829
3049
6567
8424
5283
8950
8646
5385
3475
9441
7527
6627
6979
7946
1984
943
3252
961
3728
6871
1732
5340
9259
9902
6351
2210
7868
1348
9681
6360
4390
5440
3785
5763
2281
3965
4381
2594
2949
2138
1237
3512
5010
2345
4531
8278
3217
5951
2542
2311
9251
4633
853
7571
6212
9585
8772
1339
8891
8999
1473
1481
7224
9932
9089
953
1397
929
9740
7773
3544
9015
8552
8643
7924
7080
7174
1068
7541
8350
8648
3743
8755
1575
2394
5333
1712
2760
5224
5100
6903
9992
2832
2041
4002
2774
3785
4550
5941
9354
5443
4416
3655
6175
7677
9891
8251
8934
6606
3784
3638
8714
5647
8034
7078
3035
9599
2597
6934
6102
1944
3246
3343
9604
1576
7330
5987
3978
9437
9800
4540
873
5702
7256
2328
7595
3672
5853
3654
8671
1896
739
1833
3082
6343
7437
7092
5475
7797
3803
2846
6449
7971
7725
931
7534
8051
6899
4148
5324
7640
7046
7727
2110
8982
9521
4974
7450
7733
3887
462
7217
6400
2764
5873
531
1663
6882
3826
9561
8790
1070
8338
3486
1761
2271
4306
7532
6911
4321
504
5999
4618
7669
1773
2122
9516
59
9921
2609
7275
8690
2621
1202
536
2611
7088
3233
8307
18
714
2194
5538
9930
8011
4831
4929
5247
163
3777
9803
6108
2374
4823
9187
8829
119
9398
9156
6932
8239
2229
9145
9384
6550
6832
5680
6872
3820
6587
7711
2391
7902
4021
6677
9756
1339
5780
4110
960
3437
7254
3230
4155
1767
5738
3369
7288
9052
8116
5085
6875
5236
4023
530
8696
3412
4349
6396
3137
4823
8179
7354
511
5995
7224
244
7821
4368
100
6108
7442
3116
2108
9801
7519
5262
4548
5336
1076
2028
8231
7056
108
7529
4450
2821
5702
1254
962
6178
9013
6351
4195
9378
375
2809
8006
9440
4653
8791
4672
7476
2973
696
331
3936
5526
5697
7559
2632
8300
8489
8839
4840
6131
5569
4445
1516
4998
9027
5716
1821
813
7794
5
8892
224
2836
6353
674
2851
6100
4370
7002
7625
7965
1095
4936
1379
8512
868
2605
3848
1621
7931
2935
2210
9880
5456
1928
9842
4095
8559
5189
3020
4477
1297
7622
9722
3489
8473
5013
9151
4565
3349
3664
4560
6381
9271
9892
8447
8178
2585
7960
1267
3202
3261
2207
4571
2749
2250
3187
51
1179
7263
9014
704
4942
2238
6611
7193
1383
5044
1020
5098
8282
6846
5188
5683
2833
450
212
1756
6923
5938
6434
9290
4007
5023
611
2217
267
885
2401
9009
8620
7832
4821
7856
4315
26
2555
2077
2669
2195
6412
9157
8492
4963
8035
8807
4005
9059
2057
4519
399
5935
7829
1999
5808
6413
9146
9073
3347
2083
1506
2616
5792
3234
6955
9759
1292
7173
6484
3340
1955
3372
903
5889
155
2521
1937
911
4127
757
5099
6403
4033
3007
4519
3385
6784
5066
6703
5540
7679
6687
6360
7510
1671
8877
9424
5127
2988
8968
6616
5337
7436
9212
3944
830
5314
4868
1555
1065
8854
8089
2632
161
3501
8711
4224
4513
8483
8123
6626
2703
2619
855
9050
5480
8421
5204
2440
741
3100
1874
5656
2854
5423
2323
7255
1018
9547
8563
3519
2090
8643
7444
1478
9532
6319
3710
4051
6618
9172
749
3387
5166
2247
6986
5352
5487
6030
5993
8369
6225
4871
8672
2422
6567
8488
3903
7157
695
5783
9331
7946
9425
5937
3784
8181
4717
251
9508
4439
2137
4465
7753
6882
9475
1407
9343
3671
2784
7779
3789
5757
6357
6427
874
5769
7189
121
6650
8309
6711
5178
4925
5794
1229
2335
7045
3102
2190
9361
8303
909
5703
1342
9201
4458
9058
6463
9876
4527
2831
6659
9463
3967
577
1738
3877
5357
8050
2153
650
87
3166
5475
3547
5935
7793
9808
7613
733
5650
9526
5798
6620
5827
8123
3389
1384
7540
2633
3093
4158
1468
5232
4630
7196
3217
4036
924
1939
3630
5025
5988
9404
8279
2932
9233
2266
9570
6659
5073
2908
6989
1292
9226
271
8530
5827
2650
3133
6556
1377
8755
6728
4549
2784
4303
2395
4611
6890
9214
110
6954
4266
9815
6932
8465
9870
7463
9111
9995
9090
6342
9359
7076
866
7794
1500
9681
4241
9628
5884
8115
1167
8752
6012
1769
7888
5892
6106
880
5328
1667
688
4297
4657
4580
4525
1041
2533
8050
9312
2372
4964
3241
3982
280
9499
2775
2616
6505
7822
6131
4786
9819
222
8334
2382
2743
39
9436
5303
1548
9120
7594
53
8487
7689
9973
2579
3991
1680
6167
1950
4272
9848
309
9318
1961
8556
75
9867
5779
4175
1975
4195
8066
1863
4152
8593
8077
75
5843
1148
9088
4060
1678
2826
2516
4798
3765
1759
2788
5636
869
4213
4592
6610
3792
1752
4914
9838
8453
8370
5951
6161
7
2699
7483
9941
637
8805
3692
8765
8108
1325
4746
6065
9817
9939
9801
3621
6909
6771
8661
6350
5091
7693
1755
8727
6259
7091
5130
122
3628
1849
4465
6856
4776
2653
893
3185
9396
4204
7280
4874
713
6865
5896
6911
938
9893
7776
375
1831
1488
105
9599
8167
4177
5207
409
7478
8967
9781
6557
7550
5394
1513
1769
4639
2987
8125
1191
5501
5702
7118
9737
8409
7422
7646
1568
3663
593
5291
4136
1578
423
541
8850
2998
3560
9245
8072
8113
1792
3057
4457
8612
9082
9542
5726
3168
6948
2216
6499
1555
999
6247
6647
2111
8842
3054
632
7467
568
8640
1846
4121
2997
897
856
3974
5410
9898
3532
817
2578
993
9206
5197
2536
7763
3827
2813
5487
7940
1722
5037
3051
3332
9927
724
2970
5623
9209
9880
6022
2251
4413
6436
3406
3970
3020
6301
6099
1262
5903
3493
6908
6125
2843
582
5026
6288
540
4270
4731
4649
3719
7420
9463
5790
6857
6459
1103
3691
6666
8736
4156
8050
4582
2832
7192
7759
8494
915
3814
9026
3168
9688
4643
7947
3554
9025
5404
6813
1504
8145
8064
9782
6039
7880
8787
806
3028
2661
1174
8862
5218
6676
2819
1625
5806
7022
6762
8203
3060
4367
3250
2012
9722
2812
7529
4862
4981
9040
231
3831
7915
5711
1021
8106
9879
320
3337
2224
3827
2633
5577
1053
8481
5631
8812
6588
839
179
9758
4545
983
2267
7681
9261
3055
6761
2903
7800
3034
7442
642
1153
1759
9867
1915
3306
2928
2800
9223
7620
3571
2356
2985
6622
799
8619
1561
5831
3419
3758
3964
8074
5745
2527
9123
1878
4402
9494
8108
5583
8925
3505
9074
8278
3985
8683
2332
4468
4734
2979
1305
8063
4433
6911
1929
3611
1535
2454
1518
9377
3216
2276
9323
3169
3636
7317
5086
9686
8883
7524
8996
9805
7352
226
9006
662
7948
4748
2848
2436
9901
1200
4113
5502
6482
2225
3156
8232
3175
3382
2909
7178
563
1025
4114
7787
3782
2736
6350
2481
1477
1831
1687
9939
4328
2229
4933
7258
8031
3721
3743
5749
6584
6691
2606
2290
8282
6283
6425
9853
9658
5417
9986
4615
4312
9505
6819
6916
6780
4628
5495
5344
9393
8447
5226
2502
6763
3776
5076
7391
2130
1686
8474
3103
4549
5973
7149
9531
9047
3462
7061
3459
1994
1002
3324
4144
1171
5779
3389
4317
5513
9704
1287
5410
8763
7827
5161
6517
674
2215
1890
8974
878
8836
4790
2205
6594
8378
6687
7202
2087
9972
3374
8994
6278
5660
9063
8682
2470
5428
8617
8369
9113
8024
1333
4944
8127
952
6717
2379
9443
1251
4033
9947
7311
7353
1658
724
5906
7207
2790
1059
3261
2273
5664
2612
3743
7600
9034
7984
989
7278
359
5046
1451
5947
6508
6164
747
703
3369
467
2766
5288
3054
7207
5422
1748
3569
2701
5162
5402
2013
6928
2255
8742
4915
9662
7220
1567
972
7504
2090
1132
7454
5763
4354
9221
5788
2822
9491
8841
2685
8706
8027
6508
8082
2862
8330
3688
8214
562
2709
2536
9981
4757
4128
4691
4983
9188
3383
5589
3523
6780
8677
3807
7373
4241
8401
1473
2662
9457
7343
7806
1954
632
8
6857
3760
584
3016
6546
4860
7761
652
1406
9427
5060
4284
4786
6603
3397
8409
9292
8290
1510
4007
3024
190
9969
2622
2784
2926
1511
4512
4838
7727
6104
135
1696
6070
627
3933
9611
7462
160
7154
1373
6159
6794
1555
115
8541
6403
3529
6407
2174
4503
4348
3302
4736
6231
1013
2760
8889
3052
5651
4178
370
6205
8382
5390
2213
3460
532
2793
4040
5674
1782
5797
8614
2860
8503
8405
6670
5268
5059
4188
3127
1072
8129
733
9967
7156
1221
347
17
2602
6472
6560
3570
879
9006
9413
614
6689
1165
3615
7203
8571
3731
9599
4457
9176
1833
2844
6590
7146
7103
1140
9704
4521
4563
3937
4916
9078
1952
2125
3198
7458
3042
3655
8944
1669
4108
9442
7107
7545
8051
4401
1702
9437
4099
7085
7769
8268
1820
6875
2428
6579
8513
3460
1491
6181
352
6528
4367
83
7572
8574
450
6873
7610
8102
2790
8531
2937
3615
7381
4552
2712
3932
9358
2645
3300
3448
5416
8400
9309
5688
4188
4313
4552
6443
7421
5829
9184
6545
8643
9116
659
1707
7924
3574
9304
5947
4314
7386
2540
5739
2589
3154
4290
9013
4197
7365
928
2450
1717
5946
5203
9678
1119
4902
4841
584
5249
9145
6238
7487
3236
6524
1557
4721
4697
5546
7870
7619
4948
9840
1138
5799
4606
1299
8469
5603
3044
6189
8958
3818
1858
2915
76
9235
9955
1159
8875
5821
1116
3396
6292
867
2798
929
7668
6291
5361
3672
1724
923
2557
5397
6863
8843
6072
1294
1418
4310
3007
1326
7508
9269
9783
8661
5878
7371
2970
4495
5807
5349
9574
8025
6654
9097
1778
3114
6002
8212
4101
9215
1583
5401
5480
8151
7983
2374
5080
2110
9723
3300
6508
8192
3913
2528
5219
6443
6663
1883
2359
7527
2585
4196
6438
4770
9477
7721
6710
4526
8357
4136
3216
8376
2891
999
5169
1363
3587
5113
2946
723
8686
2196
9159
3386
5812
845
2884
8762
4983
6606
254
2991
1375
615
5492
2409
345
7832
6897
7472
7819
7146
719
1039
8861
4113
9074
2202
929
8972
5720
7321
8862
8871
8624
2050
9405
3696
2614
9343
9543
7819
3376
3455
2517
3509
6684
3024
7495
471
6696
3044
1736
4651
6584
5245
6630
2113
3052
9542
9316
3987
7049
8517
3133
1091
6116
6829
1467
1865
6968
8030
1935
5958
9622
3810
2389
9869
6376
3395
5859
8576
5079
8352
6793
8898
3868
6818
7447
2587
3161
9751
5043
5775
2507
8203
6097
1230
8753
360
9765
5284
1518
7327
8380
8535
639
8066
8212
2320
9614
1523
6315
1462
7265
8038
3343
7999
5293
1692
2013
3190
6324
3802
3925
7943
5512
3810
3494
1907
6342
6522
5096
8706
2282
2341
5426
7896
1794
8326
8360
3416
2025
953
7402
5935
7081
1883
6489
4779
3587
8971
8780
939
6502
3478
2625
7013
2293
7140
1309
5540
9713
767
1917
7769
4640
4108
2386
2000
1041
753
1701
8944
4712
1077
9313
158
289
8712
4901
5629
2801
4639
8111
2055
9518
7303
8655
7948
7505
1209
7419
9558
5075
8707
1033
9084
1484
6520
7451
1883
5144
1624
4389
403
8642
9549
3253
7325
8165
7580
1273
3577
6478
1194
9311
9639
1730
573
5626
7293
4536
5777
2852
4212
2803
5868
1376
3058
6512
4080
3391
2758
5373
8491
4073
400
718
375
6675
6028
8177
5668
4125
1009
475
6254
6916
3643
9363
2158
5684
8641
8480
7609
7644
2765
7469
587
8237
6711
6736
2722
9557
8585
7198
181
2927
5209
388
9992
360
2066
5771
27
2796
62
4518
132
3626
7988
6382
9779
4169
4472
1563
9068
186
5694
6002
2595
3476
7490
2696
7005
866
4250
3151
6843
7597
398
2867
7313
4083
8533
3312
3135
5318
2492
7606
866
8561
5931
8260
8174
2207
9022
6289
8850
9792
4709
108
2312
6462
159
6824
8750
8146
8216
4073
7238
4610
624
6115
599
8192
594
4192
7862
2313
1651
5985
4091
4922
7820
3049
385
2013
6899
3197
7283
2967
5756
294
1349
1457
1726
9997
7679
9416
3230
9833
8029
2836
1727
3260
8730
2031
8084
1017
1855
5867
1345
1692
7545
963
8512
6024
7814
807
9026
5645
2256
7304
7104
3669
8947
8503
8534
3421
7744
9685
1780
6756
3905
1377
808
7389
7887
2394
671
5679
3584
7896
8821
4280
5696
2141
1079
4839
1269
2516
6384
823
5514
7784
