0
2
2
2
4
5
5
6
7
8
8
9
9
11
12
14
17
18
18
22
23
23
23
24
25
26
27
28
29
32
35
36
38
39
39
41
42
42
42
43
45
45
45
46
46
47
47
49
49
49
50
50
51
51
52
53
56
56
57
59
59
60
61
62
62
63
68
69
70
71
71
72
75
75
76
76
76
77
77
78
78
78
79
83
83
83
84
84
84
85
86
87
87
88
88
89
89
90
94
95
98
100
100
100
101
102
104
105
106
107
107
108
108
109
109
110
110
111
114
115
115
115
116
116
117
117
119
120
121
122
123
124
125
125
126
127
127
130
131
132
132
134
134
135
137
138
139
143
144
145
145
147
151
152
154
154
154
155
155
157
157
158
159
160
160
160
161
161
162
162
163
163
164
164
164
165
168
168
168
169
169
171
172
174
175
176
177
177
179
179
181
181
182
182
183
185
186
186
188
190
190
191
194
194
197
197
200
200
201
202
205
205
208
211
212
212
212
215
215
216
217
217
222
223
223
224
224
224
226
226
226
226
227
227
227
228
230
231
231
234
236
237
237
239
239
239
241
242
243
244
244
244
247
247
247
248
249
251
251
254
255
256
256
259
262
262
263
267
267
268
269
269
271
273
274
275
275
276
277
278
279
280
281
282
282
284
284
285
288
288
289
289
292
292
293
294
295
298
303
304
304
304
305
306
306
307
307
308
309
309
310
312
314
314
315
315
316
316
318
318
320
320
321
321
321
322
323
324
325
326
327
329
331
331
332
332
332
333
334
334
335
336
340
341
344
345
347
347
349
350
350
352
355
356
356
357
358
358
359
360
360
362
362
364
365
365
368
369
370
373
375
375
375
379
380
380
382
382
385
385
385
387
388
389
389
391
392
393
394
397
397
398
398
399
399
400
400
401
402
402
403
403
405
405
406
409
409
412
412
414
414
414
416
416
417
420
422
422
423
423
423
424
424
427
429
434
435
436
439
441
442
442
443
443
446
448
449
450
450
450
454
456
456
457
457
459
459
459
460
462
463
464
464
465
467
467
468
469
469
469
469
471
472
474
475
475
476
477
480
481
482
483
484
484
484
485
488
490
493
495
499
500
500
501
502
504
504
507
508
511
513
515
518
522
522
523
525
525
526
528
530
531
532
534
534
536
538
539
540
540
541
541
547
549
550
550
552
553
554
556
557
562
563
563
563
565
565
566
568
568
568
571
573
573
573
575
577
577
577
577
579
579
581
582
582
584
584
586
587
588
591
592
593
593
593
593
593
594
595
595
595
597
598
599
600
601
602
605
606
608
610
611
612
612
613
614
614
614
614
615
615
615
617
618
618
620
621
622
623
624
624
624
626
627
628
629
631
632
632
632
633
634
635
635
635
636
636
637
637
637
637
639
639
642
642
644
644
645
645
647
649
650
650
651
652
652
652
654
656
656
658
659
659
660
660
661
662
663
664
664
666
666
667
668
671
671
672
672
672
673
674
674
675
678
678
679
679
679
681
682
683
684
684
685
685
686
688
688
690
690
692
692
692
694
695
695
696
696
696
696
698
698
701
701
703
704
704
706
708
712
712
713
713
713
713
714
714
715
717
717
718
718
718
718
719
721
723
723
724
724
725
725
727
729
730
731
731
732
732
733
733
734
736
736
737
738
739
739
740
741
742
744
747
749
751
753
755
755
756
757
757
758
758
758
760
763
764
766
766
767
768
768
770
771
772
772
772
772
773
774
776
776
776
779
780
781
784
784
786
788
788
789
791
791
791
792
793
794
795
797
798
798
799
800
801
801
802
804
806
806
807
808
808
811
813
814
817
817
817
818
819
820
821
823
823
824
824
824
825
825
830
832
832
834
835
835
838
839
839
840
841
845
847
848
849
850
852
853
854
855
856
856
856
857
858
858
860
860
860
860
861
861
864
864
866
866
866
867
868
868
868
869
869
872
873
873
874
875
875
876
876
877
877
877
878
879
879
880
881
881
882
882
883
885
886
889
890
890
891
893
893
894
895
895
897
897
900
900
901
903
906
908
908
909
909
911
911
911
911
913
914
915
916
917
919
919
920
921
922
923
924
924
926
927
928
929
929
929
931
932
933
934
938
939
939
940
941
943
943
944
944
945
946
946
947
948
952
953
953
955
956
957
958
959
960
960
961
961
962
963
965
966
966
970
972
973
977
977
978
979
982
982
983
985
987
989
990
992
992
993
993
995
997
998
999
999
1002
1002
1003
1003
1004
1008
1009
1009
1012
1013
1013
1017
1018
1018
1020
1020
1021
1022
1023
1024
1025
1025
1025
1028
1033
1033
1033
1034
1034
1035
1035
1036
1037
1037
1038
1039
1041
1041
1041
1043
1044
1045
1045
1047
1048
1049
1049
1050
1053
1053
1054
1054
1055
1056
1058
1058
1059
1059
1060
1060
1060
1062
1063
1063
1065
1065
1067
1068
1070
1071
1071
1072
1076
1077
1077
1079
1079
1079
1079
1079
1080
1081
1081
1082
1083
1083
1083
1084
1085
1085
1087
1087
1087
1088
1088
1089
1089
1090
1091
1092
1092
1092
1092
1094
1095
1096
1098
1101
1103
1103
1108
1108
1109
1109
1112
1113
1115
1116
1117
1119
1119
1124
1125
1125
1125
1126
1126
1127
1131
1132
1135
1138
1138
1140
1140
1141
1142
1142
1143
1145
1148
1153
1153
1155
1156
1157
1158
1159
1159
1162
1163
1164
1165
1167
1167
1168
1170
1171
1172
1172
1172
1174
1174
1174
1175
1176
1176
1178
1178
1179
1183
1183
1183
1185
1186
1186
1186
1186
1188
1189
1190
1191
1192
1192
1194
1194
1195
1196
1197
1198
1198
1200
1201
1202
1202
1202
1202
1204
1204
1205
1206
1208
1208
1208
1209
1209
1210
1213
1214
1216
1219
1220
1220
1221
1221
1222
1223
1223
1225
1225
1225
1227
1229
1230
1230
1231
1231
1232
1233
1233
1234
1234
1235
1235
1236
1237
1238
1239
1242
1243
1243
1244
1245
1245
1247
1247
1248
1248
1250
1250
1250
1250
1251
1252
1254
1254
1254
1254
1255
1255
1257
1257
1257
1259
1261
1262
1263
1264
1265
1265
1266
1267
1267
1268
1269
1269
1270
1271
1271
1272
1273
1273
1274
1275
1278
1278
1280
1282
1283
1284
1287
1288
1288
1289
1291
1292
1292
1292
1294
1294
1294
1297
1298
1298
1299
1299
1303
1305
1305
1305
1307
1307
1308
1308
1308
1309
1310
1310
1311
1311
1311
1314
1317
1318
1321
1323
1325
1325
1325
1326
1329
1329
1330
1332
1333
1333
1338
1338
1339
1339
1339
1342
1343
1345
1345
1346
1347
1348
1349
1350
1350
1351
1352
1352
1352
1354
1354
1356
1356
1357
1358
1363
1364
1367
1367
1368
1369
1369
1370
1371
1372
1373
1375
1376
1376
1377
1377
1378
1379
1379
1379
1381
1381
1382
1383
1384
1384
1384
1384
1387
1389
1389
1390
1391
1391
1392
1394
1395
1396
1396
1397
1397
1398
1398
1398
1399
1400
1400
1400
1402
1405
1405
1406
1406
1406
1407
1408
1410
1414
1415
1415
1415
1415
1418
1421
1421
1421
1421
1423
1423
1424
1428
1431
1432
1433
1434
1434
1435
1437
1439
1441
1446
1448
1449
1449
1451
1452
1454
1454
1457
1457
1458
1459
1459
1461
1462
1463
1464
1467
1467
1467
1468
1468
1470
1472
1473
1473
1477
1477
1478
1479
1479
1481
1481
1482
1482
1482
1483
1484
1485
1485
1486
1487
1488
1488
1488
1488
1490
1491
1493
1493
1493
1494
1499
1499
1499
1500
1501
1502
1502
1502
1503
1504
1504
1504
1506
1508
1510
1510
1511
1511
1511
1512
1513
1514
1514
1515
1515
1515
1516
1518
1518
1519
1522
1522
1522
1523
1524
1524
1526
1527
1530
1532
1532
1533
1534
1535
1536
1537
1538
1538
1539
1539
1540
1541
1542
1542
1544
1544
1547
1547
1548
1548
1548
1550
1550
1551
1551
1553
1554
1555
1555
1555
1556
1557
1559
1561
1561
1562
1563
1566
1567
1567
1568
1568
1568
1569
1571
1571
1572
1573
1575
1575
1575
1576
1577
1578
1578
1580
1580
1581
1581
1581
1583
1584
1584
1584
1585
1587
1587
1588
1591
1593
1594
1595
1595
1597
1598
1599
1600
1600
1603
1603
1603
1605
1606
1606
1609
1609
1610
1611
1612
1613
1613
1614
1615
1617
1617
1618
1618
1621
1621
1621
1622
1623
1624
1625
1627
1631
1632
1633
1635
1638
1639
1640
1641
1642
1643
1643
1644
1645
1647
1647
1647
1649
1651
1652
1653
1655
1656
1658
1658
1660
1663
1664
1665
1667
1667
1668
1669
1670
1670
1671
1674
1676
1678
1678
1679
1680
1686
1686
1686
1686
1687
1687
1687
1689
1689
1689
1690
1691
1692
1692
1692
1692
1694
1694
1694
1696
1696
1696
1696
1699
1701
1702
1704
1706
1706
1707
1708
1709
1711
1711
1712
1713
1713
1714
1715
1715
1716
1716
1717
1717
1717
1717
1717
1720
1722
1722
1723
1724
1725
1726
1726
1727
1729
1729
1730
1730
1731
1732
1732
1733
1735
1736
1737
1738
1739
1740
1742
1746
1747
1748
1752
1752
1752
1752
1754
1754
1755
1756
1756
1759
1759
1759
1759
1759
1760
1761
1762
1762
1762
1763
1764
1765
1765
1766
1766
1766
1767
1769
1769
1769
1771
1771
1771
1773
1775
1775
1778
1780
1781
1782
1782
1783
1783
1783
1784
1785
1786
1787
1788
1788
1790
1790
1791
1792
1792
1794
1795
1796
1797
1797
1797
1797
1803
1805
1806
1807
1808
1810
1810
1813
1813
1813
1814
1816
1819
1819
1820
1821
1821
1823
1824
1824
1825
1825
1826
1829
1829
1830
1831
1831
1831
1833
1833
1833
1834
1839
1840
1841
1842
1843
1844
1844
1844
1844
1845
1846
1847
1848
1849
1851
1852
1854
1855
1856
1856
1856
1858
1858
1859
1859
1860
1861
1863
1863
1863
1864
1865
1868
1869
1869
1869
1871
1872
1874
1875
1876
1876
1878
1879
1881
1881
1881
1882
1883
1883
1883
1887
1887
1888
1890
1890
1891
1891
1893
1894
1894
1896
1897
1898
1899
1900
1904
1904
1904
1906
1907
1909
1910
1911
1911
1911
1911
1912
1912
1915
1915
1916
1916
1917
1917
1920
1920
1920
1921
1921
1921
1922
1922
1923
1924
1925
1928
1929
1930
1933
1933
1935
1935
1936
1937
1938
1938
1939
1940
1941
1942
1944
1944
1946
1948
1950
1950
1952
1952
1952
1954
1955
1955
1956
1958
1960
1961
1962
1963
1967
1967
1967
1968
1970
1970
1971
1973
1974
1975
1978
1978
1979
1979
1979
1981
1982
1984
1987
1988
1991
1993
1994
1994
1994
1996
1997
1999
1999
1999
2000
2000
2001
2001
2002
2003
2005
2005
2006
2006
2007
2008
2010
2012
2012
2013
2013
2013
2013
2014
2015
2016
2017
2023
2024
2025
2028
2029
2029
2030
2031
2032
2033
2034
2037
2037
2039
2039
2040
2040
2041
2043
2049
2050
2051
2052
2054
2055
2057
2060
2060
2061
2063
2064
2064
2066
2067
2068
2069
2073
2074
2074
2075
2075
2076
2076
2077
2077
2080
2083
2084
2087
2087
2090
2090
2090
2090
2091
2093
2095
2097
2098
2099
2104
2105
2108
2109
2110
2110
2111
2112
2113
2114
2115
2115
2116
2116
2116
2118
2118
2118
2120
2121
2121
2122
2123
2124
2125
2125
2128
2130
2130
2130
2133
2133
2134
2137
2138
2138
2141
2141
2143
2144
2146
2149
2150
2150
2151
2152
2153
2153
2158
2159
2160
2160
2163
2165
2165
2165
2167
2169
2171
2172
2174
2174
2176
2179
2180
2182
2183
2186
2187
2190
2190
2192
2194
2194
2194
2194
2195
2196
2196
2196
2198
2198
2199
2202
2202
2202
2202
2204
2205
2205
2205
2206
2207
2207
2208
2210
2210
2211
2211
2212
2213
2213
2213
2214
2214
2215
2216
2216
2216
2217
2217
2218
2222
2224
2225
2226
2227
2227
2228
2228
2229
2229
2229
2229
2232
2237
2238
2240
2240
2240
2240
2241
2243
2245
2247
2248
2249
2249
2250
2251
2251
2251
2252
2253
2254
2255
2255
2256
2256
2257
2257
2258
2259
2261
2262
2262
2264
2265
2265
2266
2266
2267
2267
2270
2271
2271
2271
2273
2274
2275
2276
2276
2277
2280
2281
2282
2284
2284
2284
2286
2287
2290
2290
2291
2293
2293
2293
2293
2295
2297
2297
2301
2301
2302
2305
2306
2307
2307
2307
2308
2311
2311
2311
2312
2312
2312
2313
2315
2315
2317
2319
2320
2320
2320
2322
2323
2324
2325
2325
2326
2327
2328
2328
2329
2329
2332
2332
2333
2335
2337
2339
2340
2340
2341
2345
2347
2351
2352
2352
2352
2352
2356
2357
2357
2359
2359
2359
2359
2361
2362
2364
2364
2366
2371
2371
2371
2372
2374
2374
2374
2375
2375
2377
2378
2379
2380
2382
2382
2384
2384
2385
2385
2386
2386
2386
2386
2389
2390
2391
2392
2393
2394
2394
2395
2395
2395
2397
2397
2398
2399
2399
2400
2400
2401
2403
2408
2409
2409
2409
2410
2412
2414
2415
2418
2418
2422
2422
2422
2422
2426
2426
2426
2427
2427
2428
2431
2432
2436
2436
2436
2439
2440
2441
2443
2443
2445
2445
2445
2446
2449
2450
2450
2451
2452
2454
2454
2454
2454
2455
2458
2459
2459
2462
2463
2465
2466
2470
2470
2470
2471
2473
2474
2478
2480
2480
2480
2481
2481
2482
2482
2483
2484
2492
2494
2494
2496
2497
2501
2502
2503
2504
2505
2507
2508
2509
2510
2511
2513
2514
2516
2516
2517
2520
2521
2522
2522
2524
2524
2524
2524
2527
2528
2529
2529
2530
2530
2533
2536
2536
2537
2539
2540
2540
2541
2542
2542
2545
2545
2547
2547
2548
2549
2549
2550
2550
2550
2554
2555
2555
2557
2557
2558
2558
2558
2558
2559
2560
2564
2565
2565
2565
2566
2566
2566
2568
2569
2577
2578
2579
2580
2580
2581
2584
2585
2585
2585
2585
2587
2589
2589
2590
2591
2594
2594
2595
2595
2596
2597
2602
2603
2605
2605
2606
2608
2609
2609
2611
2612
2612
2614
2615
2616
2616
2618
2618
2619
2619
2621
2622
2623
2623
2625
2625
2628
2631
2632
2632
2632
2633
2633
2634
2634
2635
2638
2639
2640
2640
2643
2643
2645
2647
2650
2650
2651
2651
2653
2653
2655
2655
2656
2657
2658
2660
2661
2661
2662
2662
2663
2664
2664
2664
2664
2666
2667
2667
2668
2669
2669
2669
2670
2671
2672
2673
2674
2675
2677
2677
2677
2679
2683
2684
2685
2686
2688
2690
2694
2696
2696
2699
2699
2699
2701
2702
2703
2703
2703
2705
2705
2706
2706
2707
2708
2708
2709
2709
2710
2711
2712
2713
2714
2715
2716
2716
2717
2717
2718
2719
2720
2722
2723
2729
2729
2730
2732
2733
2736
2737
2740
2740
2743
2744
2745
2747
2747
2749
2749
2750
2753
2754
2758
2760
2760
2760
2760
2761
2763
2763
2764
2764
2765
2765
2765
2765
2766
2767
2767
2768
2768
2768
2769
2769
2771
2771
2772
2773
2773
2773
2774
2775
2775
2775
2776
2778
2778
2779
2780
2780
2781
2782
2783
2783
2784
2784
2784
2785
2785
2786
2788
2788
2790
2790
2793
2795
2795
2796
2796
2797
2798
2798
2800
2801
2801
2802
2803
2805
2806
2806
2807
2808
2808
2809
2809
2811
2812
2813
2813
2816
2817
2819
2819
2820
2820
2821
2822
2822
2825
2825
2825
2826
2827
2827
2829
2830
2831
2831
2831
2832
2832
2832
2833
2833
2835
2835
2836
2836
2838
2838
2838
2839
2841
2841
2843
2843
2844
2844
2846
2846
2846
2848
2851
2852
2852
2853
2854
2856
2858
2858
2859
2859
2860
2861
2862
2862
2862
2863
2863
2864
2864
2867
2868
2868
2868
2870
2877
2877
2880
2880
2880
2880
2881
2884
2887
2888
2889
2891
2892
2893
2895
2898
2899
2902
2902
2903
2903
2903
2904
2906
2906
2908
2908
2908
2909
2909
2910
2910
2915
2915
2916
2917
2918
2920
2920
2920
2922
2924
2925
2925
2925
2926
2926
2926
2926
2926
2927
2928
2929
2931
2932
2932
2933
2934
2935
2937
2938
2939
2940
2943
2946
2949
2950
2951
2951
2954
2955
2955
2956
2957
2958
2958
2960
2961
2961
2962
2965
2965
2967
2967
2968
2969
2970
2970
2970
2971
2971
2973
2975
2976
2977
2978
2979
2982
2982
2982
2983
2984
2984
2985
2987
2987
2988
2990
2990
2990
2991
2991
2992
2992
2996
2996
2997
2997
2997
2997
2998
2998
2999
3000
3002
3005
3005
3007
3007
3007
3009
3014
3015
3016
3016
3016
3020
3020
3022
3023
3023
3024
3024
3024
3024
3024
3025
3025
3025
3025
3026
3027
3028
3029
3034
3035
3036
3037
3038
3040
3041
3042
3042
3044
3044
3045
3047
3048
3049
3049
3049
3051
3051
3052
3052
3052
3052
3054
3054
3055
3055
3055
3057
3057
3058
3058
3060
3061
3062
3064
3064
3067
3067
3068
3068
3071
3071
3071
3073
3073
3073
3074
3075
3082
3082
3082
3083
3084
3085
3086
3086
3088
3091
3092
3092
3093
3093
3095
3095
3100
3101
3102
3103
3104
3104
3105
3108
3108
3108
3109
3111
3111
3112
3113
3114
3114
3116
3118
3122
3124
3125
3125
3125
3125
3126
3127
3129
3129
3130
3130
3131
3131
3132
3133
3133
3133
3133
3133
3135
3135
3135
3136
3137
3138
3139
3139
3139
3140
3140
3143
3143
3144
3145
3146
3149
3149
3151
3152
3152
3153
3153
3154
3155
3155
3156
3156
3161
3163
3165
3166
3166
3167
3168
3168
3168
3169
3170
3170
3171
3173
3173
3173
3174
3174
3175
3175
3175
3176
3178
3179
3180
3180
3183
3184
3185
3187
3187
3187
3188
3188
3190
3197
3197
3197
3198
3198
3199
3200
3202
3202
3202
3203
3204
3206
3206
3206
3207
3207
3207
3208
3208
3210
3212
3213
3215
3215
3216
3216
3216
3217
3217
3221
3226
3227
3227
3228
3229
3230
3230
3230
3231
3233
3233
3234
3234
3235
3236
3238
3238
3238
3238
3241
3241
3242
3242
3246
3246
3246
3248
3248
3248
3250
3251
3251
3252
3252
3253
3253
3254
3255
3256
3256
3257
3260
3261
3261
3261
3263
3264
3266
3269
3270
3270
3271
3273
3273
3274
3277
3279
3280
3282
3284
3286
3286
3288
3289
3290
3290
3290
3292
3292
3292
3296
3296
3297
3298
3300
3300
3300
3300
3302
3304
3305
3306
3306
3307
3307
3307
3308
3311
3312
3315
3315
3317
3318
3319
3321
3323
3324
3324
3326
3330
3330
3330
3332
3332
3333
3333
3336
3337
3338
3339
3340
3340
3341
3341
3342
3343
3343
3344
3345
3345
3346
3347
3347
3347
3347
3348
3348
3349
3352
3355
3356
3357
3358
3359
3360
3360
3361
3362
3367
3368
3369
3369
3369
3369
3369
3369
3370
3371
3372
3372
3373
3374
3374
3376
3376
3377
3379
3380
3382
3382
3383
3385
3385
3386
3387
3389
3389
3389
3389
3391
3392
3392
3394
3395
3396
3396
3396
3397
3397
3397
3398
3399
3400
3402
3405
3406
3406
3406
3407
3409
3409
3410
3410
3411
3412
3412
3413
3416
3416
3417
3419
3419
3420
3421
3421
3423
3423
3423
3424
3425
3427
3427
3428
3434
3435
3435
3436
3436
3437
3438
3439
3445
3445
3446
3446
3447
3448
3448
3452
3453
3455
3456
3457
3459
3460
3460
3460
3460
3462
3463
3463
3466
3467
3468
3471
3474
3475
3475
3476
3477
3478
3479
3480
3480
3481
3481
3482
3483
3486
3486
3488
3488
3489
3490
3490
3491
3493
3493
3494
3495
3500
3501
3501
3503
3505
3505
3506
3509
3509
3509
3511
3512
3513
3513
3515
3515
3516
3517
3517
3518
3519
3519
3521
3523
3523
3524
3524
3525
3525
3526
3527
3527
3528
3529
3529
3529
3529
3530
3530
3532
3532
3533
3534
3534
3536
3536
3537
3538
3539
3543
3543
3543
3543
3544
3544
3544
3544
3545
3545
3545
3546
3547
3548
3551
3553
3554
3554
3557
3559
3560
3560
3561
3561
3561
3561
3563
3563
3567
3569
3569
3569
3569
3570
3570
3571
3571
3573
3573
3574
3574
3576
3577
3577
3578
3579
3581
3582
3584
3584
3584
3586
3587
3587
3587
3589
3589
3589
3590
3591
3591
3592
3593
3593
3597
3597
3599
3603
3604
3607
3610
3611
3613
3614
3614
3614
3615
3615
3616
3617
3618
3618
3618
3618
3619
3621
3623
3623
3623
3625
3626
3627
3628
3628
3630
3630
3630
3631
3631
3634
3635
3636
3637
3638
3639
3640
3640
3643
3643
3644
3644
3645
3646
3646
3647
3647
3648
3648
3649
3652
3652
3652
3654
3654
3655
3655
3658
3659
3659
3660
3660
3661
3661
3663
3663
3663
3664
3664
3664
3665
3665
3666
3667
3668
3669
3671
3672
3672
3673
3673
3674
3674
3674
3677
3680
3684
3687
3688
3691
3691
3692
3692
3692
3694
3696
3696
3698
3698
3701
3703
3703
3703
3706
3706
3706
3708
3708
3710
3711
3711
3714
3714
3714
3714
3716
3719
3719
3721
3722
3722
3723
3724
3727
3728
3728
3728
3730
3731
3734
3735
3736
3736
3738
3739
3742
3742
3743
3743
3743
3744
3745
3746
3750
3750
3750
3751
3753
3757
3758
3758
3759
3759
3760
3761
3762
3765
3765
3767
3767
3767
3770
3774
3774
3775
3776
3777
3777
3777
3779
3780
3782
3784
3784
3785
3785
3785
3787
3788
3789
3791
3792
3794
3794
3795
3797
3797
3798
3798
3799
3801
3802
3803
3804
3805
3805
3807
3808
3809
3809
3810
3810
3811
3814
3814
3815
3817
3817
3818
3818
3818
3819
3820
3820
3822
3822
3823
3824
3826
3826
3826
3827
3827
3830
3831
3833
3835
3836
3842
3843
3844
3844
3845
3845
3846
3848
3850
3851
3858
3861
3861
3861
3862
3863
3864
3866
3868
3870
3870
3873
3875
3875
3875
3877
3880
3880
3881
3883
3883
3884
3885
3886
3887
3889
3892
3894
3896
3896
3897
3897
3897
3898
3903
3903
3903
3905
3906
3906
3908
3909
3910
3910
3911
3913
3914
3914
3916
3916
3920
3924
3924
3925
3925
3928
3928
3928
3930
3932
3933
3933
3933
3935
3936
3936
3937
3939
3940
3941
3941
3941
3942
3942
3943
3944
3944
3945
3946
3947
3948
3948
3948
3950
3952
3952
3952
3952
3952
3954
3955
3956
3956
3957
3958
3960
3962
3962
3963
3964
3965
3967
3969
3970
3970
3972
3974
3974
3976
3976
3978
3978
3982
3982
3983
3983
3985
3985
3986
3986
3986
3987
3988
3989
3991
3991
3992
3994
3994
3995
3995
3995
3996
3996
3999
4000
4000
4002
4004
4004
4005
4007
4007
4014
4016
4020
4021
4021
4023
4023
4025
4026
4028
4028
4028
4031
4032
4033
4033
4033
4033
4034
4034
4034
4036
4036
4037
4038
4040
4040
4041
4044
4046
4047
4049
4051
4051
4051
4052
4052
4053
4054
4056
4057
4057
4059
4060
4060
4061
4063
4063
4063
4067
4067
4068
4070
4073
4073
4075
4075
4076
4077
4078
4079
4079
4079
4080
4081
4083
4085
4085
4085
4085
4086
4088
4088
4088
4091
4091
4091
4094
4095
4096
4096
4097
4097
4097
4098
4099
4100
4100
4101
4103
4104
4105
4105
4106
4107
4107
4107
4108
4108
4108
4108
4110
4111
4111
4112
4113
4113
4114
4121
4122
4122
4122
4125
4125
4125
4127
4128
4128
4129
4129
4130
4130
4135
4135
4136
4136
4136
4136
4139
4143
4143
4144
4145
4145
4147
4147
4148
4149
4150
4150
4151
4152
4152
4153
4153
4153
4155
4156
4156
4156
4157
4157
4157
4157
4158
4158
4159
4159
4160
4163
4163
4165
4166
4166
4166
4169
4169
4169
4169
4172
4173
4175
4176
4177
4178
4179
4181
4182
4184
4187
4188
4188
4188
4190
4191
4191
4192
4192
4192
4195
4195
4196
4197
4197
4201
4202
4204
4205
4205
4207
4207
4208
4212
4213
4214
4214
4216
4216
4216
4218
4219
4221
4222
4223
4224
4225
4226
4227
4228
4229
4230
4230
4231
4237
4237
4241
4241
4242
4242
4243
4247
4247
4248
4249
4249
4250
4250
4251
4252
4254
4257
4258
4258
4258
4259
4262
4264
4266
4267
4268
4269
4270
4272
4272
4272
4273
4273
4273
4274
4275
4277
4277
4280
4280
4280
4281
4283
4284
4284
4286
4287
4287
4287
4288
4288
4290
4290
4291
4293
4293
4297
4298
4299
4300
4300
4301
4303
4303
4304
4304
4305
4305
4306
4308
4308
4309
4309
4309
4310
4312
4312
4312
4313
4313
4314
4314
4315
4317
4317
4318
4318
4318
4319
4320
4320
4321
4322
4323
4323
4323
4323
4325
4325
4326
4327
4328
4328
4328
4328
4330
4331
4331
4332
4332
4332
4336
4336
4338
4342
4342
4343
4347
4347
4348
4349
4350
4352
4353
4354
4354
4354
4356
4360
4360
4361
4361
4363
4364
4365
4367
4367
4367
4368
4368
4369
4370
4375
4376
4378
4379
4379
4381
4381
4382
4382
4385
4388
4388
4389
4389
4390
4391
4392
4395
4396
4396
4397
4398
4401
4402
4403
4404
4405
4407
4407
4411
4413
4413
4413
4414
4415
4416
4418
4418
4423
4423
4423
4423
4424
4424
4425
4425
4428
4429
4430
4430
4430
4433
4435
4436
4436
4437
4437
4439
4439
4439
4439
4440
4442
4442
4443
4445
4446
4446
4449
4450
4451
4451
4454
4454
4456
4457
4457
4457
4458
4460
4462
4465
4465
4465
4468
4469
4470
4470
4470
4471
4472
4472
4473
4473
4477
4478
4479
4481
4481
4482
4486
4487
4488
4490
4492
4494
4495
4495
4500
4500
4501
4502
4502
4503
4504
4504
4505
4505
4510
4510
4512
4512
4513
4514
4514
4514
4514
4515
4516
4518
4518
4519
4519
4519
4519
4520
4521
4522
4523
4525
4525
4526
4527
4528
4528
4528
4531
4531
4536
4540
4541
4543
4544
4545
4546
4546
4547
4548
4548
4548
4548
4549
4549
4550
4550
4551
4551
4552
4552
4553
4553
4555
4555
4555
4558
4559
4559
4559
4560
4561
4562
4562
4563
4564
4565
4566
4566
4567
4568
4570
4570
4571
4571
4573
4574
4575
4575
4578
4578
4579
4579
4579
4580
4580
4581
4582
4582
4586
4587
4587
4587
4590
4592
4592
4593
4594
4596
4597
4600
4601
4601
4603
4604
4604
4605
4605
4606
4608
4608
4608
4609
4610
4610
4611
4611
4611
4615
4617
4618
4618
4619
4619
4620
4620
4623
4623
4626
4626
4627
4628
4629
4630
4632
4633
4633
4633
4634
4634
4635
4635
4638
4639
4639
4640
4641
4642
4642
4643
4643
4648
4648
4649
4649
4650
4651
4651
4652
4653
4654
4657
4657
4663
4664
4664
4665
4668
4669
4670
4670
4671
4672
4672
4672
4678
4681
4682
4683
4684
4684
4685
4686
4686
4687
4688
4689
4691
4694
4695
4697
4697
4698
4701
4701
4702
4704
4707
4707
4709
4709
4709
4712
4714
4715
4716
4717
4718
4720
4720
4721
4722
4724
4726
4727
4727
4727
4727
4727
4728
4731
4731
4731
4734
4735
4735
4736
4736
4737
4739
4741
4743
4745
4745
4745
4746
4746
4748
4749
4750
4750
4751
4752
4753
4754
4756
4756
4757
4758
4759
4762
4764
4764
4765
4767
4768
4770
4770
4771
4774
4776
4776
4779
4779
4779
4779
4779
4780
4781
4783
4783
4785
4785
4786
4786
4786
4786
4786
4787
4788
4789
4789
4790
4791
4791
4791
4792
4792
4792
4793
4795
4795
4795
4795
4795
4797
4798
4800
4801
4801
4801
4802
4804
4804
4807
4807
4811
4811
4811
4813
4813
4813
4816
4818
4818
4821
4822
4822
4822
4822
4823
4823
4823
4825
4826
4829
4830
4831
4831
4832
4833
4833
4834
4834
4835
4835
4838
4839
4840
4841
4842
4842
4843
4844
4846
4847
4847
4850
4851
4851
4851
4853
4854
4855
4860
4860
4860
4862
4863
4863
4867
4868
4869
4869
4870
4871
4871
4874
4876
4878
4882
4885
4885
4886
4887
4887
4890
4891
4892
4893
4893
4895
4896
4897
4897
4898
4898
4899
4900
4901
4902
4902
4902
4904
4904
4904
4904
4906
4907
4907
4910
4910
4914
4915
4916
4918
4919
4920
4920
4921
4922
4922
4923
4924
4924
4924
4924
4925
4927
4927
4929
4929
4930
4931
4933
4934
4934
4935
4936
4937
4937
4939
4939
4940
4941
4942
4943
4944
4945
4946
4947
4947
4948
4948
4948
4949
4949
4950
4950
4950
4951
4952
4954
4955
4957
4959
4959
4959
4963
4964
4965
4967
4969
4971
4971
4972
4974
4974
4974
4977
4979
4979
4981
4981
4983
4983
4985
4985
4987
4987
4987
4991
4993
4994
4995
4995
4995
4997
4998
4998
4998
4999
5000
5002
5002
5006
5008
5008
5008
5010
5010
5010
5011
5013
5013
5016
5019
5019
5019
5021
5021
5022
5023
5023
5023
5024
5025
5025
5025
5026
5026
5026
5029
5029
5033
5033
5034
5034
5036
5037
5037
5038
5038
5039
5041
5042
5043
5043
5044
5044
5044
5044
5045
5046
5046
5046
5046
5048
5048
5049
5049
5050
5050
5050
5051
5051
5051
5052
5053
5053
5053
5055
5055
5057
5058
5059
5059
5060
5060
5066
5067
5068
5069
5073
5073
5075
5075
5075
5076
5076
5079
5080
5080
5082
5082
5083
5083
5085
5086
5086
5087
5087
5090
5090
5091
5091
5091
5091
5091
5092
5096
5096
5096
5097
5097
5098
5098
5099
5100
5100
5100
5102
5102
5102
5103
5104
5104
5106
5107
5107
5108
5109
5110
5111
5111
5111
5112
5113
5113
5114
5117
5117
5117
5118
5118
5118
5119
5119
5120
5120
5122
5124
5125
5126
5127
5127
5129
5130
5132
5132
5132
5132
5136
5137
5137
5139
5140
5140
5140
5143
5144
5144
5144
5144
5145
5149
5149
5150
5152
5152
5153
5153
5159
5161
5161
5162
5164
5165
5166
5166
5166
5166
5168
5169
5169
5171
5171
5174
5175
5176
5178
5179
5180
5181
5183
5186
5186
5188
5189
5189
5192
5194
5195
5197
5197
5198
5199
5200
5202
5203
5204
5204
5204
5206
5207
5209
5209
5212
5215
5218
5219
5219
5222
5223
5223
5223
5224
5224
5225
5225
5226
5226
5228
5228
5231
5231
5232
5232
5232
5233
5234
5234
5236
5236
5236
5239
5239
5239
5240
5240
5241
5242
5242
5245
5245
5246
5247
5249
5249
5251
5254
5257
5258
5258
5260
5262
5262
5265
5265
5265
5266
5268
5269
5269
5272
5272
5273
5275
5275
5276
5279
5280
5283
5283
5283
5284
5285
5286
5287
5287
5288
5288
5288
5290
5291
5291
5293
5295
5295
5297
5297
5298
5300
5300
5303
5304
5305
5305
5306
5308
5308
5309
5310
5310
5311
5312
5314
5315
5317
5317
5318
5318
5323
5324
5324
5326
5326
5326
5328
5329
5329
5330
5331
5331
5331
5333
5335
5336
5337
5340
5341
5341
5342
5344
5344
5344
5344
5345
5346
5348
5348
5349
5349
5351
5352
5352
5352
5353
5354
5355
5355
5355
5356
5357
5357
5359
5360
5361
5361
5362
5362
5362
5366
5367
5368
5370
5371
5371
5371
5372
5372
5372
5373
5377
5378
5380
5380
5383
5385
5385
5388
5388
5389
5389
5390
5391
5394
5396
5397
5397
5398
5400
5400
5401
5401
5402
5404
5404
5404
5405
5406
5407
5408
5408
5410
5410
5414
5415
5416
5416
5417
5420
5422
5422
5422
5422
5423
5423
5424
5426
5428
5428
5428
5429
5430
5431
5431
5431
5431
5432
5432
5433
5435
5436
5437
5437
5439
5440
5442
5443
5446
5446
5446
5449
5451
5451
5451
5452
5454
5456
5457
5459
5461
5463
5463
5465
5466
5467
5467
5467
5468
5469
5469
5470
5470
5474
5474
5475
5475
5475
5476
5478
5480
5480
5480
5482
5483
5483
5483
5483
5484
5484
5485
5486
5487
5487
5487
5489
5492
5492
5493
5494
5495
5495
5496
5496
5496
5501
5502
5502
5503
5506
5507
5507
5508
5511
5511
5512
5512
5513
5514
5514
5514
5515
5515
5515
5516
5516
5516
5519
5520
5520
5520
5521
5521
5521
5522
5525
5526
5526
5526
5528
5529
5530
5532
5533
5533
5534
5536
5537
5538
5538
5538
5539
5539
5539
5540
5540
5540
5546
5548
5548
5548
5548
5548
5549
5550
5551
5554
5554
5556
5556
5567
5568
5569
5569
5570
5571
5575
5575
5575
5576
5577
5577
5578
5581
5582
5583
5583
5583
5585
5585
5586
5587
5588
5588
5589
5590
5590
5591
5593
5594
5596
5598
5602
5602
5602
5603
5605
5606
5606
5606
5608
5610
5610
5614
5615
5618
5619
5619
5622
5623
5623
5624
5626
5628
5629
5629
5630
5631
5631
5634
5634
5634
5636
5636
5639
5640
5641
5641
5643
5644
5645
5645
5646
5647
5647
5647
5649
5650
5651
5651
5652
5656
5656
5656
5656
5657
5657
5658
5660
5660
5661
5661
5661
5661
5662
5663
5664
5664
5666
5667
5668
5668
5673
5674
5674
5677
5677
5678
5678
5679
5680
5681
5681
5683
5684
5685
5686
5686
5686
5687
5688
5690
5690
5691
5693
5694
5694
5696
5697
5699
5700
5701
5702
5702
5702
5702
5703
5704
5704
5706
5707
5707
5711
5711
5712
5712
5715
5715
5716
5719
5720
5720
5723
5726
5727
5728
5729
5730
5731
5731
5736
5738
5739
5739
5740
5742
5743
5743
5745
5746
5748
5749
5751
5753
5753
5754
5754
5756
5756
5756
5757
5758
5759
5759
5760
5763
5763
5763
5766
5766
5768
5769
5769
5771
5771
5772
5775
5775
5777
5777
5778
5779
5779
5779
5779
5780
5781
5783
5783
5784
5785
5785
5786
5786
5787
5788
5788
5789
5790
5790
5792
5792
5794
5794
5795
5797
5797
5798
5799
5799
5804
5805
5806
5806
5806
5807
5807
5807
5808
5808
5809
5809
5810
5812
5812
5813
5813
5815
5819
5819
5821
5821
5823
5827
5827
5827
5827
5827
5827
5829
5830
5830
5830
5830
5831
5832
5834
5834
5835
5836
5843
5846
5847
5848
5849
5851
5853
5853
5853
5855
5856
5856
5857
5858
5858
5859
5862
5863
5864
5864
5865
5865
5866
5867
5867
5868
5870
5873
5873
5873
5874
5877
5877
5878
5879
5884
5887
5888
5889
5892
5892
5893
5895
5895
5896
5898
5898
5898
5900
5900
5900
5900
5902
5903
5903
5903
5904
5906
5908
5908
5910
5910
5911
5912
5912
5913
5913
5913
5915
5915
5916
5916
5920
5921
5921
5922
5924
5924
5925
5929
5931
5931
5933
5935
5935
5935
5935
5937
5937
5938
5939
5941
5942
5943
5943
5944
5944
5946
5947
5947
5948
5951
5951
5952
5953
5955
5955
5956
5957
5958
5959
5963
5964
5964
5966
5966
5967
5968
5969
5970
5970
5971
5971
5972
5973
5974
5975
5976
5976
5976
5977
5978
5978
5979
5979
5980
5980
5981
5983
5983
5984
5985
5985
5986
5986
5987
5987
5988
5988
5989
5989
5989
5989
5989
5991
5991
5992
5992
5993
5994
5995
5996
5999
5999
6000
6002
6002
6002
6002
6003
6004
6004
6005
6006
6007
6007
6008
6009
6011
6012
6012
6013
6017
6018
6019
6019
6021
6022
6022
6024
6026
6027
6028
6028
6028
6029
6029
6030
6030
6030
6031
6033
6034
6035
6036
6037
6037
6039
6039
6040
6043
6044
6047
6047
6048
6049
6050
6050
6051
6051
6054
6055
6056
6058
6059
6059
6061
6061
6063
6065
6067
6069
6070
6070
6072
6073
6074
6075
6076
6077
6077
6078
6079
6081
6081
6082
6084
6085
6086
6086
6087
6087
6087
6090
6092
6094
6094
6096
6097
6097
6098
6099
6099
6100
6102
6103
6104
6105
6105
6106
6106
6108
6108
6110
6114
6115
6116
6117
6118
6124
6124
6125
6125
6125
6125
6127
6128
6130
6130
6130
6131
6131
6131
6135
6137
6139
6140
6141
6142
6144
6144
6144
6145
6146
6146
6146
6146
6147
6147
6147
6148
6154
6154
6154
6155
6155
6155
6155
6155
6157
6159
6159
6161
6162
6163
6164
6164
6165
6167
6167
6167
6168
6171
6172
6174
6174
6175
6175
6175
6176
6176
6178
6179
6181
6181
6184
6186
6186
6188
6189
6189
6190
6191
6192
6194
6195
6195
6195
6195
6196
6196
6196
6198
6199
6199
6203
6204
6205
6205
6206
6207
6208
6208
6209
6209
6209
6212
6216
6216
6217
6217
6218
6221
6225
6227
6228
6230
6231
6232
6232
6233
6233
6233
6233
6234
6237
6238
6238
6238
6239
6240
6243
6247
6248
6249
6249
6250
6250
6250
6250
6253
6253
6254
6254
6255
6257
6258
6259
6259
6260
6261
6262
6262
6270
6271
6271
6272
6273
6273
6273
6273
6276
6276
6277
6277
6278
6278
6281
6281
6281
6282
6283
6283
6286
6286
6288
6288
6289
6289
6289
6289
6291
6292
6293
6293
6293
6295
6296
6297
6300
6300
6300
6301
6301
6302
6303
6305
6306
6307
6308
6309
6310
6310
6310
6312
6314
6315
6315
6317
6319
6319
6321
6322
6324
6326
6328
6328
6328
6332
6336
6339
6342
6342
6342
6342
6343
6343
6345
6347
6348
6348
6350
6350
6351
6351
6351
6352
6352
6352
6353
6353
6355
6355
6356
6357
6359
6359
6360
6360
6361
6361
6363
6365
6365
6365
6368
6370
6370
6372
6373
6374
6376
6376
6376
6378
6378
6378
6380
6380
6381
6382
6384
6385
6387
6387
6387
6388
6390
6391
6394
6395
6396
6396
6396
6398
6400
6400
6402
6403
6403
6403
6405
6406
6407
6407
6409
6409
6411
6412
6412
6413
6414
6415
6415
6416
6416
6417
6418
6419
6419
6420
6421
6422
6423
6423
6425
6427
6427
6429
6429
6430
6430
6431
6431
6432
6432
6434
6434
6434
6436
6437
6438
6438
6438
6442
6443
6443
6448
6448
6449
6450
6450
6453
6453
6454
6455
6455
6455
6458
6458
6459
6459
6459
6460
6462
6463
6465
6468
6468
6469
6469
6470
6471
6471
6472
6472
6473
6475
6476
6477
6477
6478
6479
6479
6481
6482
6482
6484
6485
6486
6487
6489
6489
6489
6489
6493
6493
6494
6494
6496
6497
6499
6501
6501
6501
6502
6502
6503
6504
6505
6505
6507
6507
6507
6507
6508
6508
6508
6508
6509
6510
6510
6511
6511
6511
6512
6512
6513
6517
6517
6520
6520
6520
6521
6522
6522
6522
6523
6524
6525
6526
6528
6530
6530
6532
6532
6532
6532
6533
6534
6534
6534
6534
6535
6537
6538
6538
6539
6542
6543
6543
6544
6544
6545
6546
6546
6547
6548
6549
6550
6550
6550
6552
6554
6555
6556
6556
6556
6557
6557
6559
6560
6560
6560
6560
6560
6561
6565
6566
6566
6567
6567
6569
6573
6574
6575
6575
6576
6576
6576
6577
6578
6579
6579
6579
6583
6584
6584
6584
6587
6588
6588
6588
6590
6590
6590
6592
6592
6594
6597
6598
6598
6601
6601
6603
6606
6606
6609
6610
6610
6610
6611
6611
6612
6615
6616
6617
6618
6620
6621
6621
6622
6622
6622
6626
6626
6627
6630
6630
6634
6635
6636
6640
6641
6642
6643
6644
6644
6645
6645
6646
6646
6646
6647
6647
6647
6647
6648
6649
6650
6651
6652
6654
6654
6654
6654
6656
6657
6657
6658
6658
6659
6659
6661
6661
6661
6663
6664
6665
6666
6666
6666
6666
6667
6668
6668
6670
6671
6671
6671
6672
6674
6675
6676
6677
6677
6677
6678
6679
6684
6684
6685
6687
6687
6687
6687
6689
6690
6691
6692
6694
6695
6696
6696
6696
6699
6703
6705
6706
6706
6706
6708
6710
6711
6711
6711
6712
6712
6712
6713
6713
6714
6714
6717
6717
6717
6718
6721
6722
6723
6724
6725
6727
6728
6728
6729
6730
6732
6734
6735
6736
6736
6737
6738
6738
6739
6739
6739
6740
6741
6743
6745
6746
6746
6748
6749
6750
6751
6751
6751
6752
6752
6754
6756
6760
6761
6761
6761
6762
6762
6763
6764
6764
6767
6767
6768
6768
6768
6768
6771
6774
6774
6776
6777
6778
6780
6780
6780
6782
6783
6783
6783
6784
6785
6785
6786
6788
6789
6789
6790
6792
6793
6794
6794
6794
6795
6795
6796
6799
6801
6806
6808
6808
6809
6809
6811
6813
6815
6818
6818
6819
6819
6820
6821
6821
6822
6823
6824
6825
6826
6828
6829
6830
6832
6832
6833
6834
6835
6837
6837
6839
6840
6840
6841
6843
6843
6845
6846
6847
6848
6849
6851
6854
6854
6854
6855
6856
6856
6857
6857
6858
6858
6859
6859
6860
6861
6862
6862
6863
6863
6865
6865
6865
6868
6869
6871
6871
6872
6872
6873
6873
6875
6875
6875
6875
6877
6877
6878
6880
6881
6881
6882
6882
6883
6884
6885
6886
6889
6890
6890
6891
6895
6895
6896
6897
6898
6898
6899
6899
6901
6902
6902
6903
6906
6908
6908
6909
6909
6909
6910
6911
6911
6911
6911
6914
6915
6916
6916
6916
6919
6920
6920
6923
6924
6924
6925
6927
6928
6928
6930
6931
6932
6932
6932
6932
6932
6933
6934
6934
6937
6938
6938
6944
6944
6945
6947
6948
6948
6950
6950
6950
6951
6952
6954
6955
6956
6956
6956
6957
6957
6958
6960
6960
6960
6961
6962
6962
6963
6965
6966
6966
6967
6967
6968
6968
6969
6971
6971
6972
6972
6973
6974
6977
6979
6982
6983
6983
6984
6985
6985
6986
6986
6986
6987
6987
6988
6989
6989
6991
6994
6995
6997
7000
7001
7001
7002
7003
7004
7005
7005
7005
7005
7010
7012
7013
7013
7013
7014
7017
7017
7020
7021
7021
7021
7022
7022
7022
7023
7023
7023
7025
7025
7025
7025
7026
7026
7027
7027
7028
7028
7029
7030
7031
7032
7033
7034
7034
7035
7036
7038
7041
7042
7042
7044
7044
7044
7045
7045
7046
7049
7050
7051
7052
7052
7053
7054
7055
7056
7057
7060
7061
7061
7063
7068
7069
7070
7071
7072
7073
7073
7073
7074
7074
7074
7074
7076
7076
7076
7077
7078
7079
7080
7081
7081
7081
7082
7083
7084
7085
7086
7088
7090
7091
7092
7092
7095
7095
7095
7097
7097
7099
7100
7102
7103
7104
7105
7106
7107
7108
7108
7110
7110
7111
7111
7112
7113
7114
7116
7118
7120
7120
7122
7123
7124
7124
7126
7127
7128
7129
7130
7131
7131
7133
7140
7140
7141
7142
7144
7146
7146
7146
7146
7146
7146
7148
7148
7149
7149
7150
7150
7151
7153
7154
7156
7157
7160
7160
7163
7165
7166
7168
7169
7170
7173
7174
7175
7176
7178
7178
7180
7183
7184
7184
7188
7188
7189
7189
7189
7190
7192
7193
7195
7196
7196
7196
7196
7197
7198
7200
7201
7202
7203
7204
7204
7207
7207
7207
7207
7207
7208
7208
7210
7211
7212
7213
7213
7213
7214
7216
7217
7217
7220
7222
7223
7224
7224
7226
7228
7228
7229
7230
7233
7234
7236
7237
7237
7238
7239
7241
7243
7244
7245
7245
7247
7249
7249
7250
7252
7254
7254
7255
7255
7255
7256
7258
7260
7261
7261
7261
7263
7264
7264
7265
7265
7266
7268
7268
7268
7269
7269
7270
7271
7272
7272
7273
7273
7275
7275
7276
7278
7278
7279
7280
7280
7281
7282
7283
7283
7284
7286
7288
7289
7290
7291
7291
7291
7291
7292
7293
7293
7296
7296
7297
7297
7300
7302
7303
7304
7306
7306
7307
7310
7311
7311
7311
7312
7313
7313
7313
7315
7317
7321
7322
7323
7323
7325
7327
7327
7328
7329
7329
7330
7332
7334
7334
7338
7341
7342
7343
7343
7344
7344
7345
7345
7347
7348
7349
7351
7351
7352
7353
7353
7354
7355
7356
7359
7361
7363
7364
7365
7365
7366
7366
7367
7368
7370
7370
7371
7373
7374
7376
7379
7379
7381
7381
7383
7383
7384
7385
7386
7386
7386
7389
7391
7391
7394
7397
7399
7399
7402
7402
7405
7405
7407
7408
7408
7408
7409
7410
7410
7411
7413
7413
7414
7414
7414
7414
7415
7416
7416
7418
7419
7419
7419
7420
7421
7421
7422
7422
7423
7423
7423
7424
7425
7427
7430
7430
7430
7435
7435
7436
7437
7437
7438
7440
7440
7440
7441
7441
7442
7442
7442
7443
7443
7444
7444
7447
7447
7450
7451
7451
7452
7452
7454
7454
7455
7456
7456
7458
7462
7463
7466
7467
7467
7467
7468
7468
7468
7469
7469
7469
7470
7470
7472
7472
7473
7473
7473
7475
7476
7476
7478
7478
7480
7483
7483
7485
7486
7486
7487
7487
7489
7489
7489
7490
7490
7492
7495
7499
7500
7501
7501
7501
7504
7505
7506
7508
7510
7510
7512
7512
7515
7516
7516
7516
7517
7517
7517
7518
7519
7519
7522
7523
7524
7525
7526
7526
7527
7527
7528
7528
7529
7529
7529
7529
7531
7532
7532
7534
7534
7535
7536
7538
7540
7541
7541
7545
7545
7545
7546
7546
7547
7548
7549
7550
7553
7554
7556
7559
7567
7569
7571
7571
7572
7572
7573
7574
7574
7575
7577
7577
7578
7580
7580
7580
7580
7582
7584
7584
7585
7585
7587
7587
7588
7590
7591
7594
7595
7597
7597
7599
7600
7603
7603
7604
7606
7607
7609
7610
7611
7612
7612
7613
7613
7614
7615
7616
7616
7617
7617
7618
7618
7618
7619
7620
7620
7621
7622
7622
7623
7625
7627
7627
7628
7629
7629
7630
7631
7638
7638
7638
7640
7641
7641
7641
7642
7642
7643
7644
7644
7644
7645
7646
7646
7647
7648
7649
7650
7651
7652
7653
7653
7657
7659
7661
7663
7666
7666
7667
7667
7668
7668
7669
7669
7671
7672
7673
7673
7674
7675
7676
7676
7677
7677
7677
7678
7679
7679
7679
7679
7680
7681
7681
7681
7681
7682
7683
7684
7685
7686
7687
7688
7689
7693
7693
7694
7696
7702
7703
7707
7708
7708
7711
7713
7716
7719
7719
7720
7721
7722
7723
7725
7725
7726
7727
7727
7727
7728
7729
7731
7732
7733
7733
7733
7734
7734
7736
7736
7737
7738
7739
7741
7744
7745
7746
7749
7750
7752
7752
7753
7753
7754
7755
7755
7756
7758
7759
7759
7759
7761
7762
7763
7763
7763
7764
7769
7769
7769
7769
7770
7771
7772
7773
7776
7777
7779
7781
7782
7783
7783
7784
7786
7787
7787
7788
7789
7790
7791
7791
7792
7793
7794
7794
7795
7796
7797
7797
7798
7799
7799
7799
7800
7800
7801
7802
7805
7806
7806
7807
7809
7810
7814
7814
7814
7816
7817
7819
7819
7820
7820
7820
7821
7821
7821
7822
7823
7824
7826
7827
7828
7829
7830
7830
7831
7832
7832
7833
7835
7835
7836
7836
7836
7836
7838
7839
7840
7841
7841
7841
7841
7843
7845
7845
7847
7847
7849
7849
7850
7851
7852
7854
7855
7856
7857
7860
7861
7862
7862
7862
7862
7863
7863
7863
7864
7866
7867
7868
7868
7870
7870
7871
7873
7875
7877
7878
7878
7878
7878
7879
7880
7880
7881
7882
7885
7886
7887
7887
7888
7890
7890
7892
7893
7895
7895
7896
7896
7896
7898
7900
7902
7903
7903
7904
7904
7905
7905
7907
7909
7910
7911
7913
7913
7914
7915
7915
7916
7918
7918
7921
7922
7923
7923
7924
7924
7925
7925
7925
7928
7930
7931
7932
7934
7935
7936
7938
7939
7940
7941
7941
7943
7943
7944
7946
7946
7947
7947
7947
7948
7948
7948
7949
7950
7952
7953
7955
7957
7959
7960
7960
7960
7962
7962
7963
7964
7965
7965
7966
7967
7971
7971
7972
7976
7976
7976
7978
7980
7981
7981
7983
7983
7984
7985
7985
7985
7987
7988
7988
7990
7994
7995
7996
7998
7999
8001
8002
8002
8004
8005
8005
8006
8006
8009
8011
8013
8014
8014
8015
8015
8015
8015
8017
8018
8018
8019
8024
8025
8027
8027
8027
8028
8029
8030
8030
8031
8031
8031
8031
8032
8034
8034
8035
8035
8035
8036
8038
8038
8038
8039
8041
8041
8044
8047
8050
8050
8050
8050
8050
8050
8051
8051
8051
8051
8051
8051
8052
8052
8059
8061
8063
8063
8064
8066
8066
8066
8067
8068
8069
8069
8070
8070
8070
8071
8071
8072
8072
8072
8072
8073
8074
8075
8075
8076
8077
8077
8078
8080
8082
8082
8082
8083
8083
8084
8086
8088
8089
8089
8090
8091
8092
8092
8092
8092
8096
8097
8098
8100
8100
8102
8103
8104
8106
8106
8106
8107
8107
8108
8108
8108
8109
8110
8111
8111
8112
8113
8114
8115
8115
8116
8116
8117
8118
8119
8121
8122
8123
8123
8123
8124
8124
8125
8125
8126
8126
8127
8128
8129
8129
8131
8131
8134
8135
8136
8136
8139
8139
8139
8140
8140
8141
8141
8142
8144
8145
8146
8147
8149
8149
8151
8152
8153
8158
8162
8162
8163
8164
8164
8164
8164
8165
8165
8167
8169
8169
8169
8170
8171
8171
8171
8173
8174
8174
8175
8176
8177
8178
8178
8179
8179
8180
8181
8181
8181
8185
8187
8188
8188
8188
8189
8189
8189
8191
8192
8192
8194
8195
8197
8197
8198
8200
8202
8203
8203
8203
8203
8203
8203
8204
8206
8207
8207
8208
8208
8209
8211
8212
8212
8212
8214
8215
8216
8216
8220
8221
8221
8221
8224
8225
8226
8226
8226
8228
8228
8228
8229
8230
8230
8231
8231
8232
8234
8235
8237
8239
8239
8240
8242
8243
8244
8245
8249
8249
8249
8249
8251
8251
8251
8252
8252
8253
8255
8257
8257
8259
8260
8260
8260
8262
8266
8266
8266
8267
8268
8270
8271
8271
8271
8274
8276
8277
8277
8277
8278
8278
8278
8279
8280
8280
8282
8282
8282
8284
8284
8286
8287
8288
8290
8291
8296
8297
8298
8299
8300
8300
8300
8301
8303
8304
8304
8305
8307
8307
8309
8309
8309
8312
8313
8314
8315
8316
8316
8316
8319
8319
8320
8320
8321
8321
8321
8322
8324
8324
8326
8328
8330
8331
8331
8332
8332
8333
8333
8333
8334
8334
8335
8336
8337
8338
8340
8343
8343
8343
8343
8346
8346
8348
8349
8349
8349
8350
8350
8350
8351
8351
8352
8352
8357
8357
8358
8360
8360
8361
8362
8364
8364
8365
8366
8369
8369
8370
8373
8373
8375
8376
8378
8378
8380
8380
8381
8382
8383
8384
8385
8386
8387
8387
8389
8392
8392
8393
8393
8393
8393
8393
8393
8394
8395
8396
8397
8398
8399
8399
8400
8400
8401
8404
8404
8405
8405
8405
8408
8408
8409
8409
8409
8410
8411
8411
8414
8414
8415
8417
8418
8418
8421
8422
8423
8424
8424
8425
8425
8426
8427
8429
8429
8430
8433
8433
8435
8435
8435
8436
8436
8437
8438
8438
8439
8440
8440
8442
8442
8447
8447
8447
8447
8450
8450
8450
8451
8452
8452
8452
8453
8453
8453
8453
8453
8453
8454
8456
8459
8459
8460
8460
8461
8462
8462
8465
8465
8469
8469
8470
8472
8473
8474
8474
8475
8475
8475
8476
8479
8480
8480
8480
8481
8481
8483
8484
8485
8487
8487
8488
8488
8489
8489
8489
8489
8491
8492
8494
8494
8495
8496
8499
8500
8500
8500
8503
8503
8503
8505
8509
8510
8512
8512
8512
8512
8513
8513
8513
8516
8517
8518
8519
8524
8525
8525
8526
8526
8527
8529
8530
8531
8531
8531
8531
8532
8532
8532
8532
8532
8533
8533
8534
8535
8535
8535
8536
8536
8536
8539
8541
8543
8543
8544
8544
8545
8546
8547
8548
8548
8549
8551
8551
8552
8552
8553
8553
8556
8556
8556
8556
8557
8557
8558
8559
8561
8561
8561
8563
8568
8569
8569
8571
8572
8574
8576
8576
8582
8584
8585
8585
8587
8589
8589
8590
8590
8590
8590
8590
8590
8593
8595
8595
8596
8597
8599
8606
8606
8608
8608
8612
8612
8613
8614
8614
8614
8615
8615
8616
8616
8617
8619
8619
8619
8619
8620
8622
8622
8622
8622
8623
8624
8625
8625
8627
8630
8631
8631
8632
8632
8633
8635
8637
8638
8639
8639
8639
8640
8640
8640
8641
8642
8643
8643
8643
8643
8644
8644
8645
8645
8646
8648
8648
8651
8652
8652
8652
8653
8654
8655
8656
8657
8657
8657
8657
8657
8657
8658
8658
8661
8661
8661
8662
8664
8665
8665
8667
8670
8670
8671
8671
8671
8672
8673
8674
8674
8674
8674
8675
8677
8677
8677
8678
8679
8679
8679
8679
8680
8680
8681
8682
8683
8683
8686
8687
8689
8690
8690
8690
8690
8691
8692
8692
8696
8696
8697
8699
8700
8702
8702
8703
8705
8705
8705
8706
8706
8706
8707
8708
8709
8710
8711
8711
8712
8712
8714
8714
8715
8717
8719
8720
8720
8721
8723
8725
8725
8725
8727
8727
8730
8730
8734
8734
8735
8736
8736
8737
8739
8739
8740
8742
8742
8744
8744
8744
8746
8746
8747
8747
8749
8750
8750
8751
8752
8753
8753
8754
8755
8755
8755
8756
8758
8758
8759
8762
8762
8763
8764
8765
8765
8767
8768
8769
8770
8771
8771
8771
8772
8772
8772
8773
8774
8774
8774
8775
8776
8777
8779
8780
8780
8780
8783
8784
8785
8786
8787
8787
8787
8787
8790
8791
8792
8795
8795
8795
8795
8796
8797
8797
8801
8805
8805
8807
8807
8811
8812
8812
8813
8817
8819
8820
8821
8821
8822
8823
8826
8826
8827
8827
8828
8829
8830
8830
8831
8833
8834
8836
8836
8837
8837
8838
8839
8839
8839
8841
8841
8841
8841
8841
8841
8842
8842
8843
8843
8844
8844
8847
8847
8847
8848
8848
8849
8849
8850
8850
8854
8854
8855
8857
8858
8858
8859
8859
8861
8861
8862
8862
8866
8866
8869
8871
8872
8872
8872
8875
8875
8876
8877
8879
8879
8880
8880
8880
8881
8881
8881
8883
8883
8885
8885
8886
8886
8886
8886
8887
8887
8889
8889
8890
8891
8892
8892
8893
8893
8896
8898
8898
8898
8899
8901
8901
8902
8906
8908
8909
8911
8912
8913
8914
8914
8915
8915
8917
8918
8919
8920
8922
8923
8923
8924
8925
8926
8926
8926
8927
8929
8929
8930
8930
8930
8931
8931
8933
8934
8934
8937
8937
8938
8938
8938
8941
8941
8944
8944
8945
8947
8947
8948
8949
8950
8950
8951
8952
8957
8958
8958
8959
8960
8961
8963
8967
8968
8968
8969
8969
8971
8972
8972
8974
8975
8975
8976
8977
8979
8982
8982
8983
8988
8988
8989
8991
8991
8992
8993
8994
8996
8996
8996
8997
8999
9000
9006
9006
9006
9008
9009
9010
9010
9012
9013
9013
9014
9014
9014
9015
9015
9016
9019
9019
9022
9022
9023
9023
9023
9025
9025
9025
9026
9026
9027
9030
9031
9032
9034
9034
9034
9034
9037
9038
9040
9040
9042
9043
9043
9043
9044
9045
9045
9047
9050
9050
9052
9052
9053
9054
9054
9057
9057
9057
9058
9058
9059
9059
9061
9062
9062
9063
9063
9064
9064
9064
9065
9068
9068
9070
9071
9073
9074
9074
9074
9074
9076
9078
9081
9081
9082
9084
9086
9088
9088
9089
9089
9090
9090
9090
9091
9091
9093
9094
9095
9096
9097
9099
9100
9101
9105
9106
9109
9109
9110
9111
9111
9112
9112
9113
9113
9116
9116
9116
9118
9119
9120
9120
9120
9123
9124
9124
9125
9129
9130
9130
9131
9132
9132
9134
9135
9135
9138
9141
9142
9143
9143
9145
9145
9146
9147
9148
9151
9152
9152
9154
9155
9156
9156
9156
9157
9159
9159
9161
9161
9162
9163
9164
9166
9167
9168
9172
9172
9175
9175
9176
9176
9177
9178
9180
9182
9184
9185
9185
9186
9186
9186
9186
9187
9188
9195
9197
9201
9202
9202
9202
9203
9206
9209
9211
9212
9213
9213
9214
9214
9215
9215
9216
9217
9217
9217
9219
9221
9222
9222
9223
9223
9224
9224
9226
9227
9228
9229
9233
9235
9235
9236
9236
9237
9243
9245
9245
9245
9246
9250
9251
9252
9254
9255
9256
9256
9258
9258
9259
9259
9260
9260
9260
9261
9264
9265
9266
9266
9267
9269
9269
9271
9272
9272
9274
9276
9277
9279
9280
9281
9282
9286
9288
9289
9290
9291
9292
9292
9295
9298
9301
9302
9304
9304
9306
9306
9306
9306
9307
9308
9308
9308
9309
9311
9311
9312
9313
9313
9314
9315
9316
9316
9318
9318
9319
9321
9323
9323
9324
9324
9326
9327
9328
9330
9330
9331
9332
9332
9333
9334
9335
9336
9337
9338
9339
9339
9339
9341
9343
9343
9344
9347
9347
9348
9350
9351
9354
9355
9356
9356
9357
9357
9358
9358
9358
9359
9360
9360
9361
9363
9367
9369
9369
9370
9371
9372
9373
9373
9374
9376
9376
9376
9377
9377
9378
9378
9379
9382
9382
9382
9383
9384
9385
9386
9386
9387
9388
9388
9392
9392
9393
9393
9393
9394
9394
9395
9396
9398
9400
9402
9403
9404
9404
9405
9405
9405
9406
9406
9407
9408
9409
9411
9411
9412
9412
9412
9412
9412
9413
9414
9416
9418
9420
9420
9421
9422
9424
9424
9425
9426
9426
9427
9428
9431
9432
9433
9434
9435
9436
9436
9437
9437
9440
9440
9441
9442
9443
9443
9445
9445
9446
9447
9451
9452
9453
9453
9453
9454
9456
9456
9456
9457
9459
9461
9462
9463
9463
9466
9467
9470
9471
9471
9471
9473
9475
9477
9477
9479
9479
9479
9480
9480
9481
9484
9485
9485
9486
9487
9487
9488
9489
9491
9491
9492
9493
9493
9493
9494
9496
9497
9498
9499
9501
9502
9503
9505
9505
9507
9507
9508
9508
9509
9511
9512
9513
9514
9515
9516
9516
9517
9518
9518
9518
9518
9519
9521
9521
9521
9523
9523
9526
9529
9530
9531
9531
9532
9532
9532
9534
9537
9538
9539
9542
9542
9543
9543
9543
9543
9544
9545
9545
9547
9548
9548
9549
9549
9554
9554
9555
9555
9555
9555
9557
9558
9558
9558
9560
9561
9566
9570
9570
9571
9572
9572
9574
9574
9574
9577
9579
9579
9579
9580
9581
9582
9582
9584
9584
9585
9586
9589
9590
9590
9590
9592
9592
9592
9595
9595
9595
9597
9598
9599
9599
9599
9599
9599
9600
9600
9600
9601
9604
9608
9608
9610
9611
9611
9612
9613
9613
9614
9614
9615
9616
9619
9622
9623
9625
9626
9627
9627
9628
9628
9630
9633
9633
9633
9636
9637
9637
9638
9639
9639
9640
9640
9643
9643
9645
9646
9649
9649
9650
9650
9653
9653
9654
9654
9656
9658
9660
9661
9662
9662
9664
9664
9664
9665
9666
9669
9670
9673
9674
9675
9677
9678
9678
9678
9680
9681
9681
9681
9682
9682
9682
9683
9683
9683
9685
9686
9686
9687
9688
9688
9689
9690
9690
9697
9698
9701
9701
9704
9704
9704
9704
9707
9709
9712
9712
9712
9712
9712
9712
9713
9713
9713
9713
9713
9714
9714
9715
9716
9716
9716
9718
9720
9721
9722
9722
9723
9724
9725
9727
9729
9730
9733
9734
9734
9735
9737
9739
9740
9742
9742
9746
9747
9747
9749
9750
9751
9753
9754
9756
9756
9756
9757
9758
9759
9763
9763
9764
9765
9767
9768
9769
9771
9773
9774
9775
9775
9775
9775
9776
9776
9777
9777
9778
9779
9780
9780
9781
9782
9782
9783
9783
9787
9788
9789
9790
9790
9792
9792
9792
9795
9796
9797
9797
9798
9798
9798
9799
9799
9800
9801
9801
9802
9802
9803
9803
9805
9805
9808
9809
9809
9810
9811
9813
9815
9816
9817
9817
9817
9817
9818
9818
9819
9820
9820
9821
9823
9823
9824
9825
9827
9829
9832
9833
9834
9835
9836
9837
9838
9838
9840
9840
9840
9842
9843
9843
9844
9846
9848
9848
9849
9851
9852
9852
9852
9853
9854
9854
9855
9856
9857
9857
9859
9860
9861
9863
9863
9863
9864
9867
9867
9869
9870
9870
9871
9873
9875
9876
9879
9879
9880
9880
9880
9880
9880
9882
9885
9887
9888
9889
9889
9889
9891
9891
9892
9893
9895
9896
9896
9897
9897
9898
9899
9899
9901
9902
9902
9902
9902
9907
9912
9915
9920
9920
9921
9921
9922
9922
9925
9925
9927
9928
9929
9929
9930
9931
9932
9932
9935
9935
9936
9936
9936
9939
9939
9939
9941
9943
9947
9947
9947
9948
9948
9950
9950
9951
9951
9952
9953
9954
9954
9955
9957
9959
9960
9960
9960
9961
9962
9962
9962
9963
9963
9963
9963
9966
9966
9967
9967
9967
9969
9972
9973
9976
9978
9981
9986
9987
9987
9987
9989
9989
9989
9991
9992
9992
9992
9992
9993
9995
9997
9997
9998
