542
8411
3863
6211
5530
223
7929
4237
5802
13
7720
850
2591
7325
6039
3592
4111
9030
8864
3122
4352
8768
1048
5594
7453
7516
4031
9746
8509
9298
531
9893
1542
2667
5791
1475
254
7020
7289
1808
3187
2191
1684
1012
3540
6912
8531
2405
5195
1656
9497
2818
1100
7745
3636
6359
6926
4416
3319
2205
1289
7106
9424
5736
4995
8472
5064
6597
9719
2340
6196
8806
4770
9825
7602
9590
2837
5883
6293
2085
8492
7195
6274
1935
335
5394
7586
8502
2912
8966
3220
501
7762
6634
4099
3860
5290
9617
9025
8551
2139
6533
1897
6379
9853
1226
4483
3758
4217
7429
8050
6544
9367
4510
6643
3736
4491
4876
4401
3300
2365
843
7769
3930
2242
8396
1437
7916
2912
4638
3032
757
8681
658
7900
2833
9453
9961
4633
2178
9868
2020
4153
3969
7466
4168
2279
6299
5045
9024
884
7494
2591
1713
8810
5318
6010
8622
8983
5448
5678
7687
1540
7491
7351
9346
2690
6469
6982
9820
3159
9400
1321
8353
7094
4825
42
2038
6580
2367
7903
51
1170
5967
18
3398
4337
4350
5180
2911
7002
6426
8419
4011
1512
4388
6872
2294
1549
425
9526
7835
2286
3134
4457
7547
5674
337
8740
3003
7515
7352
9788
4173
8370
2133
6431
9679
8592
9205
2297
4623
8776
6778
4283
3693
1023
6948
8420
9026
7898
3337
3217
7990
4798
7532
8877
8701
3908
6994
4355
724
8507
7555
9209
2772
9967
4114
6118
808
8589
108
2938
8920
584
5018
2846
1968
9751
7499
260
5494
9018
5979
9729
6123
2567
1001
2083
4978
70
1292
4614
5178
6475
5839
3845
5977
8786
2017
6624
3680
9835
1989
4838
3806
2616
1175
4645
8029
5802
8882
4163
7145
8766
5768
4381
4317
7361
6441
9925
7782
5795
6032
7184
4240
5185
7654
0
565
5417
7520
8335
3373
4496
7056
2248
8832
1515
9408
1307
6643
9850
7279
5285
5774
7899
1958
279
3235
3619
1909
6856
3024
960
8630
6074
6019
4006
1492
5283
5362
6748
3961
8900
530
5892
3872
250
5582
7368
3217
4046
7631
4748
9101
3062
2527
2404
7415
3527
2269
4251
7299
1686
452
390
5461
3552
619
6343
5714
5624
448
9474
1687
853
1287
397
6399
1288
3140
6996
2710
6203
389
1397
9370
461
9118
4789
2671
2702
6366
9423
8003
8843
3060
1104
9382
4533
7935
297
2112
5347
1617
761
9893
8184
5044
4807
5006
1005
2169
5338
1436
8994
7547
7553
3756
9922
8235
2731
3788
4590
30
9348
4253
9042
7376
9575
9813
3383
4922
4851
1441
4278
9749
2290
3366
930
1559
3235
2826
3898
5860
3215
5823
9447
63
8225
2361
4325
5822
7208
9601
7091
9145
722
8439
1035
8327
3099
564
2143
495
1229
8015
3592
5403
5981
182
2745
3000
3300
197
3143
2169
1671
4885
9833
4987
1626
3950
4343
6257
1318
512
9963
9430
3945
1349
5594
2235
4559
5534
7151
9851
7034
3227
2512
3521
680
8885
5149
5524
4607
8202
4175
5784
2311
1057
6486
8297
7792
5267
5080
4811
3324
8669
5370
5663
7829
349
9791
1650
5338
4166
875
5533
1698
716
3052
6094
4643
6579
1284
7880
4279
4555
7313
2791
344
6116
6210
7983
99
1743
7584
6259
4940
9819
9561
6089
9646
7201
8009
7118
9656
1680
229
2645
537
9704
2228
1971
4880
9858
8599
4077
7506
3442
7272
6208
2761
5835
3397
4031
6534
1226
9632
6084
9962
8010
897
8172
7813
506
3484
3461
6079
5326
361
2247
9469
9763
8421
4330
9780
5014
6202
6952
110
5309
4345
2096
3174
8506
810
1159
6549
4254
3248
6390
5736
4283
8030
561
5374
9029
3776
4068
9820
8825
6938
6674
6555
555
7664
1470
8015
2552
9342
6686
2578
6467
2580
869
6462
735
4726
7213
5731
5182
2991
2551
9846
9193
6603
1914
4208
4203
3226
831
4874
9199
6229
9438
5704
5565
8714
3067
6813
2471
1119
4175
8612
4863
2668
6671
3887
7317
5869
9
7111
2021
3433
2760
8573
9097
1854
3477
5006
8601
1483
9405
3801
8317
540
3694
1465
813
7598
9500
2730
8071
1650
5228
5942
338
86
9001
236
4460
7209
9258
7232
9191
8473
3716
4928
420
9099
3934
8155
4926
1365
6285
9300
9239
512
8558
4324
1843
6594
4641
26
3819
6946
3558
9298
9929
9532
4297
5031
3114
4871
5305
6151
3228
7138
2165
7165
5466
2780
9887
3642
2446
6064
7730
8198
8084
3314
3668
1889
6863
7741
9474
8575
9860
7601
3387
8376
6630
2378
7945
5399
3591
4719
8100
8988
2606
1031
6444
1406
9203
9621
8736
8011
492
9773
9141
2541
7406
6173
1212
272
6102
3567
204
4687
3944
2720
1257
5477
2999
8934
4872
64
3088
6489
6885
3434
5023
6217
8788
5366
4084
9252
1808
3562
5437
6969
8250
1071
464
4832
3906
1995
9645
5763
9025
8114
6773
53
350
611
9284
465
1283
8467
1717
1542
9629
6641
5826
8956
7763
926
1324
193
1048
1243
7202
3692
1133
3066
7100
2744
418
9639
676
2507
3719
6712
2162
7806
7071
4027
1475
8119
1872
9861
9791
2243
9807
7459
5572
8909
6035
6564
4992
1100
6706
8394
2330
5711
9694
9994
3124
5921
9907
9202
5055
1806
9440
8085
2529
1130
1303
1082
9358
6001
9497
7184
1987
7285
6136
9897
961
866
2466
382
9378
7259
135
3251
4647
9291
9642
723
9582
4432
1755
8268
6599
962
1179
4414
7696
85
9252
4607
8887
1334
9933
5755
3634
7954
6325
5372
1362
5482
7329
3047
1563
5863
6302
572
3069
9025
519
2433
4729
9610
2318
5842
1697
4046
8856
3170
3230
7681
7585
4047
144
6385
5755
6054
7114
6851
2465
4408
6887
5766
733
7903
2497
76
3951
8130
1029
5385
8441
9365
6489
1522
9528
2443
1553
5589
4041
3534
7709
2465
9262
5868
4682
9481
3109
3757
9283
2072
8625
5078
9310
4361
3901
4882
535
