0
9
13
18
26
30
42
51
53
63
64
70
76
85
86
99
108
110
135
144
182
193
197
204
223
229
236
250
254
260
272
279
297
335
337
338
344
349
350
361
382
389
390
397
418
420
425
448
452
461
464
465
492
495
501
506
512
512
519
530
531
535
537
540
542
555
561
564
565
572
584
611
619
658
676
680
716
722
723
724
733
735
757
761
808
810
813
831
843
850
853
866
869
875
884
897
926
930
960
961
962
1001
1005
1012
1023
1029
1031
1035
1048
1048
1057
1071
1082
1100
1100
1104
1119
1130
1133
1159
1170
1175
1179
1212
1226
1226
1229
1243
1257
1283
1284
1287
1288
1289
1292
1303
1307
1318
1321
1324
1334
1349
1362
1365
1397
1406
1436
1437
1441
1465
1470
1475
1475
1483
1492
1512
1515
1522
1540
1542
1542
1549
1553
1559
1563
1617
1626
1650
1650
1656
1671
1680
1684
1686
1687
1697
1698
1713
1717
1743
1755
1806
1808
1808
1843
1854
1872
1889
1897
1909
1914
1935
1958
1968
1971
1987
1989
1995
2017
2020
2021
2038
2072
2083
2085
2096
2112
2133
2139
2143
2162
2165
2169
2169
2178
2191
2205
2228
2235
2242
2243
2247
2248
2269
2279
2286
2290
2294
2297
2311
2318
2330
2340
2361
2365
2367
2378
2404
2405
2433
2443
2446
2465
2465
2466
2471
2497
2507
2512
2527
2529
2541
2551
2552
2567
2578
2580
2591
2591
2606
2616
2645
2667
2668
2671
2690
2702
2710
2720
2730
2731
2744
2745
2760
2761
2772
2780
2791
2818
2826
2833
2837
2846
2911
2912
2912
2938
2991
2999
3000
3003
3024
3032
3047
3052
3060
3062
3066
3067
3069
3088
3099
3109
3114
3122
3124
3134
3140
3143
3159
3170
3174
3187
3215
3217
3217
3220
3226
3227
3228
3230
3235
3235
3248
3251
3300
3300
3314
3319
3324
3337
3366
3373
3383
3387
3397
3398
3433
3434
3442
3461
3477
3484
3521
3527
3534
3540
3552
3558
3562
3567
3591
3592
3592
3619
3634
3636
3642
3668
3680
3692
3693
3694
3716
3719
3736
3756
3757
3758
3776
3788
3801
3806
3819
3845
3860
3863
3872
3887
3898
3901
3906
3908
3930
3934
3944
3945
3950
3951
3961
3969
4006
4011
4027
4031
4031
4041
4046
4046
4047
4068
4077
4084
4099
4111
4114
4153
4163
4166
4168
4173
4175
4175
4203
4208
4217
4237
4240
4251
4253
4254
4278
4279
4283
4283
4297
4317
4324
4325
4330
4337
4343
4345
4350
4352
4355
4361
4381
4388
4401
4408
4414
4416
4432
4457
4460
4483
4491
4496
4510
4533
4555
4559
4590
4607
4607
4614
4623
4633
4638
4641
4643
4645
4647
4682
4687
4719
4726
4729
4748
4770
4789
4798
4807
4811
4825
4832
4838
4851
4863
4871
4872
4874
4876
4880
4882
4885
4922
4926
4928
4940
4978
4987
4992
4995
5006
5006
5014
5018
5023
5031
5044
5045
5055
5064
5078
5080
5149
5178
5180
5182
5185
5195
5228
5267
5283
5285
5290
5305
5309
5318
5326
5338
5338
5347
5362
5366
5370
5372
5374
5385
5394
5399
5403
5417
5437
5448
5461
5466
5477
5482
5494
5524
5530
5533
5534
5565
5572
5582
5589
5594
5594
5624
5663
5674
5678
5704
5711
5714
5731
5736
5736
5755
5755
5763
5766
5768
5774
5784
5791
5795
5802
5802
5822
5823
5826
5835
5839
5842
5860
5863
5868
5869
5883
5892
5921
5942
5967
5977
5979
5981
6001
6010
6019
6032
6035
6039
6054
6064
6074
6079
6084
6089
6094
6102
6116
6118
6123
6136
6151
6173
6196
6202
6203
6208
6210
6211
6217
6229
6257
6259
6274
6285
6293
6299
6302
6325
6343
6359
6366
6379
6385
6390
6399
6426
6431
6441
6444
6462
6467
6469
6475
6486
6489
6489
6533
6534
6544
6549
6555
6564
6579
6580
6594
6597
6599
6603
6624
6630
6634
6641
6643
6643
6671
6674
6686
6706
6712
6748
6773
6778
6813
6851
6856
6863
6872
6885
6887
6912
6926
6938
6946
6948
6952
6969
6982
6994
6996
7002
7020
7034
7056
7071
7091
7094
7100
7106
7111
7114
7118
7138
7145
7151
7165
7184
7184
7195
7201
7202
7208
7209
7213
7232
7259
7272
7279
7285
7289
7299
7313
7317
7325
7329
7351
7352
7361
7368
7376
7406
7415
7429
7453
7459
7466
7491
7494
7499
7506
7515
7516
7520
7532
7547
7547
7553
7555
7584
7585
7586
7598
7601
7602
7631
7654
7664
7681
7687
7696
7709
7720
7730
7741
7745
7762
7763
7769
7782
7792
7806
7813
7829
7835
7880
7898
7899
7900
7903
7903
7916
7929
7935
7945
7954
7983
7990
8003
8009
8010
8011
8015
8015
8029
8030
8050
8071
8084
8085
8100
8114
8119
8130
8155
8172
8184
8198
8202
8225
8235
8250
8268
8297
8317
8327
8335
8353
8370
8376
8394
8396
8411
8419
8420
8421
8439
8441
8467
8472
8473
8492
8502
8506
8507
8509
8531
8551
8558
8573
8575
8589
8592
8599
8601
8612
8622
8625
8630
8669
8681
8701
8714
8736
8740
8766
8768
8776
8786
8788
8806
8810
8825
8832
8843
8856
8864
8877
8882
8885
8887
8900
8909
8920
8934
8956
8966
8983
8988
8994
9001
9018
9024
9025
9025
9025
9026
9029
9030
9042
9097
9099
9101
9118
9141
9145
9191
9193
9199
9202
9203
9205
9209
9239
9252
9252
9258
9262
9283
9284
9291
9298
9298
9300
9310
9342
9346
9348
9358
9365
9367
9370
9378
9382
9400
9405
9408
9423
9424
9430
9438
9440
9447
9453
9469
9474
9474
9481
9497
9497
9500
9526
9528
9532
9561
9575
9582
9590
9601
9610
9617
9621
9629
9632
9639
9642
9645
9646
9656
9679
9694
9704
9719
9729
9746
9749
9751
9763
9773
9780
9788
9791
9791
9807
9813
9819
9820
9820
9825
9833
9835
9846
9850
9851
9853
9858
9860
9861
9868
9887
9893
9893
9897
9907
9922
9925
9929
9933
9961
9962
9963
9967
9994
